3.900414e+00
3.956833e+00
3.989740e+00
4.007843e+00
4.013473e+00
4.019103e+00
4.024733e+00
4.031081e+00
4.038133e+00
4.045185e+00
4.052237e+00
4.059289e+00
4.066341e+00
4.073393e+00
4.080531e+00
4.088255e+00
4.095981e+00
4.103706e+00
4.111432e+00
4.119157e+00
4.126882e+00
4.134607e+00
4.142333e+00
4.150058e+00
4.157783e+00
4.165508e+00
4.173234e+00
4.183379e+00
4.197521e+00
4.211663e+00
4.225805e+00
4.239947e+00
4.254089e+00
4.268231e+00
4.282373e+00
4.296515e+00
4.310658e+00
4.324800e+00
4.338942e+00
4.353084e+00
4.367226e+00
4.381368e+00
4.395732e+00
4.416126e+00
4.436520e+00
4.456913e+00
4.477307e+00
4.497701e+00
4.518095e+00
4.538489e+00
4.558882e+00
4.579276e+00
4.599670e+00
4.620063e+00
4.640457e+00
4.660851e+00
4.681244e+00
4.706296e+00
4.733042e+00
4.759789e+00
4.786534e+00
4.813280e+00
4.840025e+00
4.866772e+00
4.893517e+00
4.920263e+00
4.947009e+00
4.973755e+00
5.000501e+00
5.027246e+00
5.053993e+00
5.081348e+00
5.112143e+00
5.142937e+00
5.173731e+00
5.204525e+00
5.235319e+00
5.266113e+00
5.296907e+00
5.327702e+00
5.358495e+00
5.389290e+00
5.420084e+00
5.450878e+00
5.476819e+00
5.493299e+00
5.509779e+00
5.526259e+00
5.542740e+00
5.559220e+00
5.575700e+00
5.592181e+00
5.608662e+00
5.625142e+00
5.641622e+00
5.658103e+00
5.674583e+00
5.707504e+00
5.756093e+00
5.804682e+00
5.853271e+00
5.901860e+00
5.950449e+00
5.999038e+00
6.047627e+00
6.096216e+00
6.144804e+00
6.193394e+00
6.241983e+00
6.290572e+00
6.339160e+00
6.387750e+00
6.436339e+00
4.349021e+00
2.708963e+00
4.591386e+00
5.310352e+00
3.067433e+00
-2.409298e-01
-1.888768e+00
2.305119e+00
6.669673e+00
1.259316e+01
2.390345e+01
2.321912e+01
2.086632e+01
1.857665e+01
1.777563e+01
1.588574e+01
1.153818e+01
6.952283e+00
1.155875e+01
1.295860e+01
1.294418e+01
1.222521e+01
1.214576e+01
1.266105e+01
1.255762e+01
1.169190e+01
1.110795e+01
1.111816e+01
1.154589e+01
1.217494e+01
1.214322e+01
1.223494e+01
1.215106e+01
1.192255e+01
1.242474e+01
1.269259e+01
1.297749e+01
1.331137e+01
1.325524e+01
1.321988e+01
1.344828e+01
1.393004e+01
1.382435e+01
1.395279e+01
1.409334e+01
1.416022e+01
1.467451e+01
1.477536e+01
1.461461e+01
1.486383e+01
1.551330e+01
1.607328e+01
1.644940e+01
1.656120e+01
1.666082e+01
1.675139e+01
1.678754e+01
1.732862e+01
1.851018e+01
1.881943e+01
1.903719e+01
1.963600e+01
2.084459e+01
2.062846e+01
2.109839e+01
2.167738e+01
2.186927e+01
2.327483e+01
2.433675e+01
2.514233e+01
2.578531e+01
2.680859e+01
2.862038e+01
3.082386e+01
3.272432e+01
3.514236e+01
3.914305e+01
4.848005e+01
7.267183e+01
7.492242e+01
7.357964e+01
7.185507e+01
6.988561e+01
6.721706e+01
6.408611e+01
5.720397e+01
3.223233e+01
2.629157e+01
2.291403e+01
1.913768e+01
2.305377e+01
2.267363e+01
2.120802e+01
1.976960e+01
1.899672e+01
1.784649e+01
1.752057e+01
1.835905e+01
1.748840e+01
1.678408e+01
1.632062e+01
1.609982e+01
1.533066e+01
1.478023e+01
1.488089e+01
1.429864e+01
1.402311e+01
1.396762e+01
1.370134e+01
1.277539e+01
1.187913e+01
1.191064e+01
1.189252e+01
1.187212e+01
1.185172e+01
1.180217e+01
1.100197e+01
1.008400e+01
1.028061e+01
9.944294e+00
9.776300e+00
9.687249e+00
9.393793e+00
9.059461e+00
8.861098e+00
8.775802e+00
8.729500e+00
8.608551e+00
8.202021e+00
7.724287e+00
7.672381e+00
7.684058e+00
7.496270e+00
7.168133e+00
6.893014e+00
6.558540e+00
6.590083e+00
6.825203e+00
6.762722e+00
6.167011e+00
5.829417e+00
5.766338e+00
5.757902e+00
5.749467e+00
5.526081e+00
5.269480e+00
5.105957e+00
5.021145e+00
4.906416e+00
4.638704e+00
4.406486e+00
4.273110e+00
4.149314e+00
4.056830e+00
3.964346e+00
3.871862e+00
3.779378e+00
3.671779e+00
3.484488e+00
3.297198e+00
3.128857e+00
2.965284e+00
2.801163e+00
2.698942e+00
2.596721e+00
2.494500e+00
2.368833e+00
2.207517e+00
2.046201e+00
1.884885e+00
1.786010e+00
1.689786e+00
1.593561e+00
1.478921e+00
1.334979e+00
1.191037e+00
1.047095e+00
9.353681e-01
8.248870e-01
7.144060e-01
6.039248e-01
4.813084e-01
3.584211e-01
2.345708e-01
9.967377e-02
-3.522327e-02
-1.701203e-01
-2.995843e-01
-4.137231e-01
-5.278621e-01
-6.420007e-01
-7.561398e-01
-8.619567e-01
-9.662241e-01
-1.070491e+00
-1.174758e+00
-1.279025e+00
-1.384018e+00
-1.489062e+00
-1.594106e+00
-1.699150e+00
-1.804193e+00
-1.910611e+00
-2.017676e+00
-2.124741e+00
-2.231805e+00
-2.338869e+00
-2.439872e+00
-2.525636e+00
-2.611400e+00
-2.697165e+00
-2.782928e+00
-2.893621e+00
-3.031846e+00
-3.170070e+00
-3.308294e+00
-3.446519e+00
-3.532323e+00
-3.623040e+00
-3.749890e+00
-3.876739e+00
-4.000802e+00
-4.080757e+00
-4.160710e+00
-4.240665e+00
-4.320619e+00
-4.403637e+00
-4.499989e+00
-4.596340e+00
-4.692691e+00
-4.789042e+00
-4.885393e+00
-4.967200e+00
-5.031104e+00
-5.095007e+00
-5.158911e+00
-5.222814e+00
-5.340391e+00
-5.487239e+00
-5.634088e+00
-5.780936e+00
-5.927784e+00
-6.074633e+00
-6.221480e+00
-6.368329e+00
-6.515177e+00
-6.576860e+00
-6.573674e+00
-6.639123e+00
-6.704572e+00
-6.770021e+00
-6.837690e+00
-6.905776e+00
-6.973862e+00
-7.041948e+00
-7.110034e+00
-7.178121e+00
-7.246207e+00
-7.314293e+00
-7.579033e+00
-7.978047e+00
-8.020818e+00
-8.071864e+00
-8.124691e+00
-8.177518e+00
-8.264616e+00
-8.388246e+00
-8.511875e+00
-8.635505e+00
-8.759133e+00
-8.882763e+00
-9.006392e+00
-9.130021e+00
-9.268468e+00
-9.500405e+00
-9.338533e+00
-9.324891e+00
-9.586118e+00
-9.798590e+00
-9.717260e+00
-9.771575e+00
-1.004930e+01
-9.882534e+00
-1.009422e+01
-1.025263e+01
-1.025266e+01
-1.093370e+01
-1.064587e+01
-1.075785e+01
-1.173827e+01
-1.123428e+01
-1.168395e+01
-1.236239e+01
-1.283276e+01
-1.225290e+01
-1.201298e+01
-1.207301e+01
-1.238025e+01
-1.234801e+01
-1.292711e+01
-1.330618e+01
-1.302402e+01
-1.335509e+01
-1.377322e+01
-1.393221e+01
-1.364308e+01
-1.407409e+01
-1.440415e+01
-1.456655e+01
-1.451892e+01
-1.452916e+01
-1.523865e+01
-1.587203e+01
-1.587267e+01
-1.634958e+01
-1.646998e+01
-1.685129e+01
-1.792983e+01
-1.704526e+01
-1.693587e+01
-1.759411e+01
-1.897606e+01
-1.799742e+01
-1.870885e+01
-1.952265e+01
-1.904623e+01
-1.959274e+01
-2.101886e+01
-2.153634e+01
-1.947401e+01
-2.195586e+01
-2.306441e+01
-2.337018e+01
-2.342578e+01
-2.622848e+01
-2.772312e+01
-2.827749e+01
-2.821348e+01
-3.422106e+01
-3.938852e+01
-4.228220e+01
-4.127038e+01
-4.120726e+01
-3.698680e+01
-3.101169e+01
-2.616304e+01
-2.930009e+01
-2.956837e+01
-2.771531e+01
-2.492787e+01
-2.210091e+01
-2.044484e+01
-1.940568e+01
-1.823112e+01
-1.745620e+01
-1.654030e+01
-1.579759e+01
-1.569764e+01
-1.484900e+01
-1.414644e+01
-1.340116e+01
-1.227514e+01
-1.170655e+01
-1.117014e+01
-1.045658e+01
-9.252910e+00
-9.201705e+00
-8.652536e+00
-7.735996e+00
-6.899377e+00
-6.393164e+00
-5.355373e+00
-4.228410e+00
-4.494389e+00
-2.991349e+00
-2.046054e+00
-1.875271e+00
-1.583100e+00
4.714816e-01
3.619404e+00
6.928273e+00
5.859522e+00
7.105221e+00
8.462219e+00
9.877899e+00
1.984706e+01
2.435344e+01
2.485724e+01
2.183616e+01
1.177900e+01
1.001038e+01
9.585501e+00
4.887994e+00
5.669478e+00
4.576772e+00
2.737803e+00
1.423232e+00
9.353954e-01
2.596695e-01
-5.309734e-01
-1.332104e+00
-2.703296e+00
-4.098416e+00
-5.444382e+00
-6.665562e+00
-1.103300e+01
-1.724494e+01
-1.669147e+01
2.133373e+00
1.199931e+01
1.097723e+01
2.966731e+00
-6.907605e+00
-1.514988e+00
-3.925091e-02
-1.392451e+00
-2.058550e+00
-1.354032e+00
-2.198113e+00
-3.519829e+00
-3.181726e+00
-3.720931e+00
-4.130988e+00
-4.543804e+00
-5.338509e+00
-5.521200e+00
-5.067106e+00
-4.687026e+00
-5.730462e+00
-5.295703e+00
-5.704445e+00
-6.398028e+00
-5.826083e+00
-6.113869e+00
-5.767159e+00
-5.199364e+00
-5.606751e+00
-5.966999e+00
-7.088037e+00
-8.178885e+00
-7.266550e+00
-7.083443e+00
-7.242834e+00
-7.899759e+00
-9.564140e+00
-8.211099e+00
-7.573733e+00
-7.575379e+00
-6.770373e+00
-8.268335e+00
-8.278850e+00
-7.249173e+00
-7.799013e+00
-8.136892e+00
-9.411954e+00
-1.131591e+01
-1.250289e+01
-1.070488e+01
-9.737272e+00
-9.944897e+00
-1.044356e+01
-9.849343e+00
-9.312128e+00
-9.033297e+00
-8.984367e+00
-1.017927e+01
-1.003294e+01
-8.992860e+00
-1.022415e+01
-1.024283e+01
-1.058554e+01
-1.111726e+01
-1.021646e+01
-9.849655e+00
-1.051870e+01
-1.186517e+01
-1.212857e+01
-1.092133e+01
-1.010610e+01
-1.019630e+01
-1.146016e+01
-1.155746e+01
-1.120459e+01
-1.072318e+01
-1.070592e+01
-1.142535e+01
-1.321030e+01
-1.511639e+01
-1.244645e+01
-1.099219e+01
-1.107072e+01
-1.212317e+01
-1.095874e+01
-1.071964e+01
-1.148632e+01
-1.308147e+01
-1.441188e+01
-1.238895e+01
-1.128748e+01
-1.194431e+01
-1.124198e+01
-1.189512e+01
-1.195619e+01
-1.114870e+01
-1.186030e+01
-1.450609e+01
-1.373649e+01
-9.174088e+00
-1.121699e+01
-1.335132e+01
-1.529331e+01
-1.636917e+01
-1.275539e+01
-1.206262e+01
-1.302933e+01
-1.446761e+01
-1.113896e+01
-9.814457e+00
-9.774236e+00
-1.135753e+01
-1.951816e+01
-1.661353e+01
-1.332530e+01
-1.397421e+01
-1.369047e+01
-1.332712e+01
-1.291658e+01
-1.267601e+01
-1.454292e+01
-1.318016e+01
-1.286131e+01
-1.530177e+01
-1.525235e+01
-1.428182e+01
-1.300692e+01
-1.186142e+01
-1.213391e+01
-1.247352e+01
-1.257457e+01
-1.236657e+01
-1.329764e+01
-1.392372e+01
-1.404060e+01
-1.361143e+01
-1.413910e+01
-1.394440e+01
-1.457340e+01
-1.678799e+01
-1.647312e+01
-1.406654e+01
-1.414696e+01
-1.918849e+01
-1.617849e+01
-1.500060e+01
-1.769047e+01
-2.496042e+01
-1.737138e+01
-1.516838e+01
-1.636871e+01
-1.939063e+01
-1.853111e+01
-1.562987e+01
-1.345322e+01
-1.406931e+01
-1.306712e+01
-1.402698e+01
-1.623321e+01
-1.898420e+01
-1.559771e+01
-1.395703e+01
-1.446587e+01
-1.744500e+01
-1.740778e+01
-1.461129e+01
-1.304037e+01
-1.633555e+01
-1.676490e+01
-1.620234e+01
-1.645651e+01
-1.929573e+01
-1.635405e+01
-1.520561e+01
-1.544814e+01
-1.666634e+01
-1.988887e+01
-1.899771e+01
-1.727740e+01
-1.832348e+01
-1.435731e+01
-1.658411e+01
-1.992342e+01
-1.838272e+01
-1.863871e+01
-1.682402e+01
-1.593781e+01
-1.974059e+01
-1.729835e+01
-1.664103e+01
-1.679149e+01
-1.623528e+01
-1.673425e+01
-1.736734e+01
-1.769937e+01
-1.714052e+01
-1.700960e+01
-1.740626e+01
-1.760735e+01
-1.635133e+01
-1.638935e+01
-1.678101e+01
-1.734745e+01
-1.791388e+01
-1.814410e+01
-1.739428e+01
-1.739869e+01
-1.749408e+01
-1.757815e+01
-1.757376e+01
-1.800546e+01
-1.819159e+01
-1.818718e+01
-1.824728e+01
-1.785811e+01
-1.770430e+01
-1.775362e+01
-1.772049e+01
-1.821170e+01
-1.807516e+01
-1.765359e+01
-1.822802e+01
-1.803319e+01
-1.812474e+01
-1.818923e+01
-1.693705e+01
-1.773222e+01
-1.817481e+01
-1.808182e+01
-1.804937e+01
-1.804063e+01
-1.802784e+01
-1.811259e+01
-1.862189e+01
-1.814603e+01
-1.812031e+01
-1.853661e+01
-1.850139e+01
-1.849568e+01
-1.867804e+01
-1.884786e+01
-1.810659e+01
-1.794683e+01
-1.828918e+01
-1.900653e+01
-1.955800e+01
-1.869880e+01
-1.825391e+01
-1.854343e+01
-1.857510e+01
-1.899940e+01
-1.907519e+01
-1.888888e+01
-2.005559e+01
-1.994298e+01
-1.934978e+01
-1.882997e+01
-2.003249e+01
-1.938560e+01
-1.944903e+01
-2.068038e+01
-1.989664e+01
-1.982565e+01
-1.961803e+01
-1.907791e+01
-1.926595e+01
-1.934108e+01
-1.928385e+01
-1.918368e+01
-1.982440e+01
-1.930861e+01
-1.923346e+01
-2.006551e+01
-1.959491e+01
-1.957029e+01
-1.942278e+01
-1.904597e+01
-1.997952e+01
-2.056318e+01
-1.998260e+01
