8.309470e+00
5.541026e+00
3.741303e+00
2.568509e+00
1.921852e+00
1.275194e+00
6.285364e-01
1.562473e-01
-1.817453e-01
-5.197378e-01
-8.577304e-01
-1.195723e+00
-1.533715e+00
-1.871708e+00
-2.172231e+00
-2.413146e+00
-2.654062e+00
-2.894978e+00
-3.135894e+00
-3.376809e+00
-3.617725e+00
-3.858640e+00
-4.099556e+00
-4.340471e+00
-4.581387e+00
-4.822303e+00
-5.063218e+00
-5.304134e+00
-5.534725e+00
-5.763175e+00
-5.991624e+00
-6.220074e+00
-6.448524e+00
-6.676973e+00
-6.905423e+00
-7.133873e+00
-7.362322e+00
-7.590772e+00
-7.819221e+00
-8.047672e+00
-8.276121e+00
-8.504572e+00
-8.733021e+00
-8.961470e+00
-9.157302e+00
-9.351597e+00
-9.545893e+00
-9.740189e+00
-9.934484e+00
-1.012878e+01
-1.032308e+01
-1.051737e+01
-1.071167e+01
-1.090596e+01
-1.110026e+01
-1.129455e+01
-1.148885e+01
-1.168315e+01
-1.187744e+01
-1.207174e+01
-1.230201e+01
-1.253334e+01
-1.276467e+01
-1.299600e+01
-1.322734e+01
-1.345867e+01
-1.369000e+01
-1.392133e+01
-1.415267e+01
-1.438400e+01
-1.461533e+01
-1.484666e+01
-1.507513e+01
-1.529262e+01
-1.551011e+01
-1.572760e+01
-1.594509e+01
-1.616258e+01
-1.638008e+01
-1.659757e+01
-1.681506e+01
-1.703255e+01
-1.725004e+01
-1.746754e+01
-1.765076e+01
-1.779103e+01
-1.793131e+01
-1.807158e+01
-1.821186e+01
-1.835213e+01
-1.849240e+01
-1.863267e+01
-1.877295e+01
-1.891322e+01
-1.905349e+01
-1.927251e+01
-1.951941e+01
-1.976630e+01
-2.001319e+01
-2.026008e+01
-2.050697e+01
-2.075387e+01
-2.100076e+01
-2.138158e+01
-2.176837e+01
-2.215516e+01
-2.254196e+01
-2.292875e+01
-2.331555e+01
-2.364088e+01
-2.363518e+01
-2.362947e+01
-2.362377e+01
-2.361806e+01
-2.361236e+01
-2.360666e+01
-2.360095e+01
-2.166594e+01
-1.945715e+01
-1.724835e+01
-1.503956e+01
-1.283076e+01
-1.062197e+01
-1.533235e+01
-4.039297e+01
-2.464560e+01
-3.264051e+01
-4.231711e+01
1.344776e+01
4.132113e+00
-1.085438e+01
-2.163284e+01
-2.737229e+01
-3.118110e+01
-3.192933e+01
-2.985926e+01
-2.772816e+01
-2.785224e+01
-2.857100e+01
-2.930115e+01
-3.003131e+01
-3.068263e+01
-3.041470e+01
-3.014677e+01
-2.987884e+01
-3.020399e+01
-3.059054e+01
-3.097709e+01
-3.136364e+01
-3.162351e+01
-3.185477e+01
-3.208603e+01
-3.191301e+01
-3.166038e+01
-3.142306e+01
-3.204473e+01
-3.194466e+01
-3.076725e+01
-3.141360e+01
-3.267515e+01
-3.313780e+01
-3.360045e+01
-3.371564e+01
-3.380547e+01
-3.395824e+01
-3.435699e+01
-3.475574e+01
-3.499716e+01
-3.515549e+01
-3.489925e+01
-3.424673e+01
-3.511682e+01
-3.623091e+01
-3.657958e+01
-3.692826e+01
-3.619583e+01
-3.530734e+01
-3.525583e+01
-3.761990e+01
-3.499657e+01
-3.526034e+01
-3.756134e+01
-3.872506e+01
-3.764003e+01
-3.577782e+01
-3.567588e+01
-4.479368e+01
-3.597047e+01
-2.847662e+01
-2.613047e+01
-2.628415e+01
-3.033644e+01
-3.430835e+01
-3.728540e+01
-4.230420e+01
-4.876194e+01
-5.306647e+01
-5.254952e+01
-3.620445e+01
-2.680436e+01
-3.539803e+01
-6.602713e+01
1.107229e+02
1.037229e+02
1.290624e+02
1.330557e+02
1.260531e+02
1.325464e+02
1.453591e+02
1.545812e+02
1.397199e+02
1.373815e+02
1.395434e+02
1.266438e+02
1.405380e+02
1.394339e+02
1.296363e+02
1.402187e+02
1.396496e+02
1.352730e+02
1.311360e+02
1.372067e+02
1.358267e+02
1.330356e+02
1.309682e+02
1.327433e+02
1.330649e+02
1.338571e+02
1.353977e+02
1.337265e+02
1.327869e+02
1.321507e+02
1.323629e+02
1.325372e+02
1.322861e+02
1.324857e+02
1.326810e+02
1.326389e+02
1.324149e+02
1.317551e+02
1.304315e+02
1.302958e+02
1.309324e+02
1.304162e+02
1.294460e+02
1.289393e+02
1.288882e+02
1.289096e+02
1.290985e+02
1.292875e+02
1.294764e+02
1.296654e+02
1.298543e+02
1.280870e+02
1.263981e+02
1.255160e+02
1.263805e+02
1.282870e+02
1.281946e+02
1.246136e+02
1.235646e+02
1.240846e+02
1.254258e+02
1.270834e+02
1.287409e+02
1.260884e+02
1.210991e+02
1.224758e+02
1.240452e+02
1.246504e+02
1.245854e+02
1.255941e+02
1.235033e+02
1.244465e+02
1.277645e+02
1.264865e+02
1.271386e+02
1.203542e+02
1.108888e+02
1.248079e+02
1.256595e+02
1.241967e+02
1.242778e+02
1.309608e+02
1.213219e+02
1.154431e+02
1.166599e+02
1.170294e+02
1.176117e+02
1.162022e+02
1.142741e+02
1.213575e+02
1.212823e+02
1.204031e+02
1.196658e+02
1.146913e+02
1.156160e+02
1.175511e+02
1.187810e+02
1.181981e+02
1.203107e+02
1.213522e+02
1.200248e+02
1.160697e+02
1.188616e+02
1.189170e+02
1.145694e+02
1.158229e+02
1.153644e+02
1.147206e+02
1.148873e+02
1.186616e+02
1.172218e+02
1.158745e+02
1.162077e+02
1.148719e+02
1.145970e+02
1.146271e+02
1.146572e+02
1.146033e+02
1.144415e+02
1.142796e+02
1.141178e+02
1.139560e+02
1.137941e+02
1.136094e+02
1.134011e+02
1.131929e+02
1.129846e+02
1.127764e+02
1.126145e+02
1.124524e+02
1.121422e+02
1.113968e+02
1.108630e+02
1.106371e+02
1.106937e+02
1.107502e+02
1.108051e+02
1.108511e+02
1.108970e+02
1.109429e+02
1.109888e+02
1.110347e+02
1.108573e+02
1.104890e+02
1.101206e+02
1.097523e+02
1.093839e+02
1.090156e+02
1.089010e+02
1.091637e+02
1.087637e+02
1.083636e+02
1.079636e+02
1.072977e+02
1.065222e+02
1.057468e+02
1.053645e+02
1.058865e+02
1.064744e+02
1.070645e+02
1.073464e+02
1.072534e+02
1.071605e+02
1.070260e+02
1.067995e+02
1.065730e+02
1.063465e+02
1.061200e+02
1.057365e+02
1.053406e+02
1.049447e+02
1.045488e+02
1.044637e+02
1.044021e+02
1.043405e+02
1.042788e+02
1.039890e+02
1.035463e+02
1.029965e+02
1.024468e+02
1.019258e+02
1.018272e+02
1.017286e+02
1.016300e+02
1.015314e+02
1.014328e+02
1.013342e+02
1.012356e+02
9.972827e+01
9.937681e+01
9.956408e+01
9.918683e+01
9.880959e+01
9.843233e+01
9.859642e+01
9.881753e+01
9.903864e+01
9.925974e+01
9.955685e+01
9.995281e+01
1.003488e+02
1.000643e+02
9.947054e+01
9.887683e+01
9.731763e+01
9.519656e+01
9.536266e+01
9.525674e+01
9.505847e+01
9.486021e+01
9.544360e+01
9.883031e+01
9.840722e+01
9.728249e+01
9.599681e+01
9.471112e+01
9.411833e+01
9.388958e+01
9.383121e+01
9.387759e+01
9.388258e+01
9.245305e+01
9.306334e+01
9.427514e+01
9.490968e+01
9.262058e+01
9.522933e+01
9.715150e+01
9.275732e+01
9.279660e+01
9.302715e+01
9.335800e+01
9.368885e+01
9.288491e+01
8.963729e+01
9.179797e+01
9.173499e+01
9.113223e+01
9.216084e+01
9.212289e+01
8.953054e+01
8.753622e+01
9.018022e+01
9.114915e+01
8.539452e+01
7.894895e+01
8.095493e+01
7.970281e+01
8.212461e+01
8.543384e+01
8.479652e+01
7.527855e+01
8.135610e+01
9.260015e+01
8.981908e+01
6.810464e+01
3.812759e+01
-1.339405e+01
-1.117012e+02
-9.827453e+01
-9.312960e+01
-9.639199e+01
-9.109167e+01
-9.050536e+01
-9.355488e+01
-9.730553e+01
-9.638528e+01
-9.776163e+01
-9.596186e+01
-9.351163e+01
-9.692635e+01
-9.737238e+01
-9.778875e+01
-9.806490e+01
-9.705479e+01
-9.662857e+01
-9.712074e+01
-9.770882e+01
-9.624500e+01
-9.890675e+01
-9.989027e+01
-9.878236e+01
-9.747800e+01
-9.800847e+01
-9.852591e+01
-9.905080e+01
-1.021688e+02
-1.002730e+02
-9.950208e+01
-1.016230e+02
-1.020272e+02
-1.004023e+02
-1.005774e+02
-1.044629e+02
-1.088107e+02
-1.113131e+02
-1.114893e+02
-1.088511e+02
-1.031541e+02
-1.119581e+02
-1.239749e+02
-1.273928e+02
-1.242573e+02
1.728742e+02
1.043997e+02
1.242902e+02
9.011537e+01
7.865652e+01
8.243926e+01
7.399449e+01
8.119189e+01
8.065112e+01
7.429393e+01
7.757211e+01
8.029227e+01
7.945531e+01
7.629604e+01
7.876591e+01
7.637803e+01
7.417819e+01
7.364664e+01
7.554900e+01
7.601060e+01
7.479742e+01
7.276022e+01
7.485874e+01
6.991879e+01
6.900410e+01
7.417043e+01
7.683681e+01
7.530201e+01
7.566942e+01
7.894193e+01
7.857937e+01
1.027951e+02
1.556758e+02
-1.416001e+02
1.601330e+02
-1.688989e+02
1.667082e+02
5.573227e+01
8.267455e+01
7.682503e+01
6.905006e+01
7.150285e+01
6.994603e+01
6.892601e+01
6.964564e+01
7.222657e+01
7.060071e+01
6.839983e+01
6.805334e+01
7.021455e+01
6.592905e+01
6.717276e+01
7.026218e+01
7.247983e+01
6.515092e+01
6.540490e+01
6.703101e+01
6.654660e+01
6.819382e+01
6.476263e+01
6.403565e+01
7.006065e+01
6.402705e+01
6.408878e+01
6.509135e+01
6.389532e+01
6.760307e+01
7.040253e+01
6.936898e+01
6.284209e+01
6.452628e+01
6.416013e+01
6.447725e+01
6.754591e+01
7.264680e+01
6.923692e+01
6.410350e+01
6.257964e+01
6.260390e+01
6.268955e+01
6.289329e+01
6.309703e+01
6.316706e+01
6.310028e+01
6.303350e+01
6.296673e+01
6.289996e+01
6.278093e+01
6.177502e+01
6.076912e+01
5.990728e+01
5.944173e+01
5.897618e+01
5.916830e+01
5.948384e+01
5.979939e+01
6.011493e+01
6.025416e+01
6.033330e+01
6.041245e+01
6.049159e+01
6.057074e+01
5.995443e+01
5.917864e+01
5.840286e+01
5.762708e+01
5.703281e+01
5.667016e+01
5.630753e+01
5.594488e+01
5.558224e+01
5.561806e+01
5.579012e+01
5.596218e+01
5.613424e+01
5.630630e+01
5.606154e+01
5.570597e+01
5.535041e+01
5.499484e+01
5.463928e+01
5.425460e+01
5.381883e+01
5.338305e+01
5.294728e+01
5.251150e+01
5.207573e+01
5.186278e+01
5.168528e+01
5.150778e+01
5.133028e+01
5.115279e+01
5.097529e+01
5.079779e+01
5.061932e+01
5.031821e+01
5.001711e+01
4.971600e+01
4.941489e+01
4.911378e+01
4.881268e+01
4.851157e+01
4.821046e+01
4.807785e+01
4.798243e+01
4.788702e+01
4.779160e+01
4.769617e+01
4.760076e+01
4.750534e+01
4.740992e+01
4.731450e+01
4.733569e+01
4.738958e+01
4.744348e+01
4.749738e+01
4.755128e+01
4.760518e+01
4.765908e+01
4.771298e+01
4.776688e+01
4.782078e+01
4.787468e+01
4.764362e+01
4.688033e+01
4.611704e+01
4.535375e+01
4.459046e+01
4.382717e+01
4.306388e+01
4.230059e+01
4.153730e+01
4.077401e+01
4.001071e+01
3.924743e+01
3.848413e+01
3.772084e+01
3.695755e+01
3.619426e+01
3.543097e+01
3.747434e+01
3.811999e+01
3.719791e+01
3.454502e+01
3.500935e+01
3.619902e+01
3.776869e+01
3.933836e+01
3.973556e+01
3.667319e+01
3.673939e+01
3.588040e+01
3.415508e+01
3.242975e+01
3.487582e+01
3.790478e+01
4.021661e+01
3.984293e+01
3.990794e+01
4.005022e+01
4.019250e+01
3.974079e+01
3.872146e+01
3.770212e+01
3.668279e+01
3.566345e+01
3.464412e+01
3.362478e+01
3.260545e+01
3.280059e+01
3.918217e+01
3.958849e+01
3.892485e+01
3.836749e+01
3.746189e+01
3.712214e+01
3.681946e+01
3.642636e+01
3.603327e+01
3.590531e+01
3.580906e+01
3.571281e+01
3.561657e+01
3.552032e+01
3.542408e+01
3.524032e+01
3.493082e+01
3.462132e+01
3.431181e+01
3.400231e+01
3.369281e+01
3.338331e+01
3.307381e+01
3.276431e+01
3.245480e+01
3.214530e+01
3.183580e+01
3.152630e+01
3.121680e+01
3.090730e+01
3.059779e+01
3.053441e+01
3.143580e+01
2.998820e+01
2.978553e+01
3.111098e+01
3.292131e+01
2.840979e+01
2.777779e+01
3.064662e+01
2.625866e+01
2.939548e+01
3.257670e+01
3.357800e+01
3.073625e+01
3.105011e+01
3.191265e+01
3.203090e+01
2.882051e+01
2.733812e+01
2.803183e+01
3.073579e+01
3.365510e+01
3.034409e+01
2.743795e+01
2.711301e+01
2.727280e+01
2.807202e+01
2.837890e+01
2.772916e+01
2.703501e+01
2.634087e+01
2.564673e+01
2.775921e+01
2.812700e+01
2.486281e+01
2.448609e+01
2.495241e+01
2.541695e+01
2.464474e+01
2.391392e+01
2.360521e+01
2.375347e+01
2.405103e+01
2.434858e+01
2.463948e+01
2.502302e+01
2.659129e+01
2.461520e+01
2.265179e+01
2.261081e+01
2.343629e+01
2.529248e+01
2.448034e+01
2.292484e+01
2.049830e+01
