7.382002e+00
7.471505e+00
7.497207e+00
7.512266e+00
7.527325e+00
7.542329e+00
7.557276e+00
7.572224e+00
7.587172e+00
7.602119e+00
7.625151e+00
7.652475e+00
7.679799e+00
7.707124e+00
7.734447e+00
7.761771e+00
7.789095e+00
7.825065e+00
7.867636e+00
7.910207e+00
7.952778e+00
7.995348e+00
8.037920e+00
8.080491e+00
8.123062e+00
8.180832e+00
8.244001e+00
8.307172e+00
8.370342e+00
8.433512e+00
8.496683e+00
8.559853e+00
8.617200e+00
8.674287e+00
8.731373e+00
8.788459e+00
8.845545e+00
8.940866e+00
9.061759e+00
9.182652e+00
9.303545e+00
9.424438e+00
9.550520e+00
9.677056e+00
9.803592e+00
9.930530e+00
1.010144e+01
1.027236e+01
1.044327e+01
1.063740e+01
1.084383e+01
1.105026e+01
1.121900e+01
1.138608e+01
1.162484e+01
1.191942e+01
1.230393e+01
1.228011e+01
1.419204e+01
1.539234e+01
1.519583e+01
1.829724e+01
2.469655e+01
3.632469e+01
2.858253e+01
8.942851e+00
5.539188e+00
9.282762e+00
9.292079e+00
9.401864e+00
1.065450e+01
1.086002e+01
1.087785e+01
1.144069e+01
1.203324e+01
1.243959e+01
1.273238e+01
1.316601e+01
1.370826e+01
1.414451e+01
1.462201e+01
1.506363e+01
1.551479e+01
1.600833e+01
1.647826e+01
1.702907e+01
1.769225e+01
1.838210e+01
1.924037e+01
1.949902e+01
2.011110e+01
2.155818e+01
2.194123e+01
2.370923e+01
2.494357e+01
2.702451e+01
2.889408e+01
3.167383e+01
3.782305e+01
4.621932e+01
7.099602e+01
6.963882e+01
6.662147e+01
5.733860e+01
2.651649e+01
2.333553e+01
2.566285e+01
2.233699e+01
2.167093e+01
2.049098e+01
2.057096e+01
1.841781e+01
1.750856e+01
1.663348e+01
1.637606e+01
1.640756e+01
1.568884e+01
1.493401e+01
1.416935e+01
1.327165e+01
1.274503e+01
1.247032e+01
1.193504e+01
1.138722e+01
1.092164e+01
1.063391e+01
1.036662e+01
1.007396e+01
9.670177e+00
9.339542e+00
8.892971e+00
8.307889e+00
7.786191e+00
8.112684e+00
7.472962e+00
7.208535e+00
7.050183e+00
6.883702e+00
6.699766e+00
6.478053e+00
6.102604e+00
5.832629e+00
5.635696e+00
5.236260e+00
4.863256e+00
4.538937e+00
4.342749e+00
4.129617e+00
3.900138e+00
3.666355e+00
3.411291e+00
3.163233e+00
2.937116e+00
2.711031e+00
2.496488e+00
2.281945e+00
2.057860e+00
1.823326e+00
1.591096e+00
1.374276e+00
1.157457e+00
9.473111e-01
7.393526e-01
5.320579e-01
3.263424e-01
1.206266e-01
-8.641174e-02
-2.950118e-01
-5.036118e-01
-6.852350e-01
-8.627509e-01
-1.069051e+00
-1.322531e+00
-1.575611e+00
-1.746850e+00
-1.918089e+00
-2.094468e+00
-2.274029e+00
-2.453590e+00
-2.642689e+00
-2.859327e+00
-3.075965e+00
-3.312808e+00
-3.553215e+00
-3.638235e+00
-3.720592e+00
-3.983616e+00
-4.264445e+00
-4.499864e+00
-4.724012e+00
-4.952948e+00
-5.184895e+00
-5.405630e+00
-5.612778e+00
-5.806079e+00
-5.987103e+00
-6.146176e+00
-6.305250e+00
-6.771336e+00
-7.011564e+00
-7.063894e+00
-7.405047e+00
-7.712310e+00
-7.951762e+00
-8.174312e+00
-9.035508e+00
-9.037752e+00
-9.582108e+00
-1.016456e+01
-1.062790e+01
-1.057802e+01
-1.043167e+01
-1.098714e+01
-1.181315e+01
-1.232579e+01
-1.271259e+01
-1.328029e+01
-1.365435e+01
-1.462979e+01
-1.575217e+01
-1.654353e+01
-1.697722e+01
-1.710012e+01
-1.914326e+01
-2.084702e+01
-2.237152e+01
-2.463409e+01
-2.820584e+01
-3.333319e+01
-3.349754e+01
-2.880706e+01
-2.354164e+01
-2.119411e+01
-1.919518e+01
-1.639008e+01
-1.403382e+01
-1.215099e+01
-1.087966e+01
-9.935061e+00
-8.302421e+00
-6.108307e+00
-5.190712e+00
-4.007097e+00
-2.305861e+00
-8.143772e-01
1.019914e+00
2.495425e+00
4.878803e+00
7.136081e+00
7.327117e+00
9.637154e+00
1.409915e+01
1.715638e+01
1.586545e+01
1.129734e+01
1.094282e+01
8.111718e+00
7.191945e+00
5.706134e+00
3.657294e+00
2.132291e+00
1.224704e+00
1.114750e-01
-6.305274e-01
-1.075922e+00
-1.966437e+00
-3.321092e+00
-5.859754e+00
-9.303476e+00
-4.877865e+00
7.851426e+00
9.574529e+00
3.248428e+00
1.353738e+00
-2.376781e+00
-1.230674e+00
-1.506188e+00
-2.642394e+00
-3.075096e+00
-3.246842e+00
-3.833442e+00
-3.800007e+00
-4.408540e+00
-4.344159e+00
-4.876403e+00
-5.545291e+00
-5.396359e+00
-5.407175e+00
-5.315268e+00
-5.913334e+00
-6.134643e+00
-6.119059e+00
-6.142799e+00
-5.995463e+00
-6.507915e+00
-7.037476e+00
-6.999989e+00
-8.219778e+00
-8.156706e+00
-7.010936e+00
-7.131617e+00
-8.313017e+00
-7.925367e+00
-7.777246e+00
-8.543525e+00
-8.457378e+00
-9.023694e+00
-9.940326e+00
-9.312466e+00
-9.406356e+00
-8.784672e+00
-8.548061e+00
-9.042252e+00
-9.256018e+00
-9.021544e+00
-9.655717e+00
-9.244860e+00
-9.417362e+00
-9.610479e+00
-9.473136e+00
-9.609794e+00
-9.752385e+00
-9.878848e+00
-9.925519e+00
-9.972190e+00
-1.001886e+01
-1.009194e+01
-1.037968e+01
-1.082649e+01
-1.136578e+01
-1.165499e+01
-1.156293e+01
-1.171631e+01
-1.186969e+01
-1.194062e+01
-1.200255e+01
-1.206448e+01
-1.212609e+01
-1.217796e+01
-1.222984e+01
-1.228171e+01
-1.233359e+01
-1.238546e+01
-1.243734e+01
-1.252710e+01
-1.263314e+01
-1.273917e+01
-1.284520e+01
-1.295124e+01
-1.305727e+01
-1.316330e+01
-1.326934e+01
-1.326676e+01
-1.313133e+01
-1.320377e+01
-1.365101e+01
-1.358503e+01
-1.347533e+01
-1.323852e+01
-1.378395e+01
-1.374970e+01
-1.380801e+01
-1.404281e+01
-1.430012e+01
-1.434504e+01
-1.420840e+01
-1.434427e+01
-1.443748e+01
-1.420470e+01
-1.428362e+01
-1.459731e+01
-1.472043e+01
-1.477656e+01
-1.489816e+01
-1.501976e+01
-1.514136e+01
-1.510939e+01
-1.513059e+01
-1.545238e+01
-1.559748e+01
-1.571969e+01
-1.571439e+01
-1.580103e+01
-1.588523e+01
-1.599132e+01
-1.610093e+01
-1.621055e+01
-1.612450e+01
-1.601074e+01
-1.589698e+01
-1.578322e+01
-1.579213e+01
-1.588535e+01
-1.597858e+01
-1.607181e+01
-1.616503e+01
-1.626783e+01
-1.638084e+01
-1.649658e+01
-1.658496e+01
-1.652645e+01
