8.207500e+00
5.471745e+00
3.701986e+00
2.543496e+00
1.910244e+00
1.276993e+00
6.437421e-01
1.548409e-01
-1.924676e-01
-5.397761e-01
-8.870845e-01
-1.234393e+00
-1.581702e+00
-1.929010e+00
-2.262024e+00
-2.496922e+00
-2.731820e+00
-2.966717e+00
-3.201616e+00
-3.436514e+00
-3.671412e+00
-3.906310e+00
-4.141208e+00
-4.376106e+00
-4.611004e+00
-4.845901e+00
-5.080800e+00
-5.313606e+00
-5.542959e+00
-5.772311e+00
-6.001664e+00
-6.231016e+00
-6.460369e+00
-6.689721e+00
-6.919074e+00
-7.148426e+00
-7.377779e+00
-7.607131e+00
-7.836483e+00
-8.065836e+00
-8.295189e+00
-8.524541e+00
-8.753393e+00
-8.968707e+00
-9.184021e+00
-9.399335e+00
-9.614648e+00
-9.829963e+00
-1.004528e+01
-1.026059e+01
-1.047590e+01
-1.069122e+01
-1.090653e+01
-1.112185e+01
-1.133716e+01
-1.155247e+01
-1.176779e+01
-1.195724e+01
-1.213730e+01
-1.231736e+01
-1.249741e+01
-1.267747e+01
-1.285752e+01
-1.303758e+01
-1.321763e+01
-1.339769e+01
-1.357774e+01
-1.375780e+01
-1.393785e+01
-1.411791e+01
-1.429796e+01
-1.448734e+01
-1.472922e+01
-1.497110e+01
-1.521299e+01
-1.545487e+01
-1.569675e+01
-1.593863e+01
-1.618051e+01
-1.642240e+01
-1.666428e+01
-1.690616e+01
-1.714804e+01
-1.738993e+01
-1.762996e+01
-1.786639e+01
-1.810282e+01
-1.833926e+01
-1.857569e+01
-1.881212e+01
-1.904856e+01
-1.928499e+01
-1.952142e+01
-1.975785e+01
-1.999429e+01
-2.023072e+01
-2.046715e+01
-2.039463e+01
-2.002771e+01
-1.966079e+01
-1.929386e+01
-1.892694e+01
-1.856002e+01
-1.819310e+01
-1.782617e+01
-1.745925e+01
-1.709233e+01
-1.672540e+01
-1.635848e+01
-1.599156e+01
-1.562464e+01
-1.525771e+01
-1.489079e+01
-1.695806e+01
-1.742749e+01
-1.149399e+01
-2.714770e+01
-2.771231e+01
-1.404447e+01
1.250685e+01
7.353947e+01
1.335288e+02
-1.527832e+02
-2.871408e+01
-3.280199e+00
-2.201267e+01
-5.472992e+01
-3.990394e+01
-1.846440e+01
-1.327708e+01
-2.301068e+01
-2.703332e+01
-2.147700e+01
-2.394639e+01
-3.462508e+01
-3.310216e+01
-2.865059e+01
-2.770649e+01
-3.030574e+01
-2.737589e+01
-2.742711e+01
-3.028237e+01
-3.426241e+01
-3.077905e+01
-2.977117e+01
-2.981568e+01
-3.053625e+01
-3.230093e+01
-3.061152e+01
-2.923329e+01
-2.976983e+01
-3.324402e+01
-3.233868e+01
-3.162942e+01
-3.249402e+01
-3.138435e+01
-3.290789e+01
-3.383047e+01
-3.297212e+01
-3.176017e+01
-3.206322e+01
-3.323323e+01
-3.302924e+01
-3.136672e+01
-3.219379e+01
-3.484855e+01
-3.596663e+01
-3.613589e+01
-3.586026e+01
-3.337855e+01
-3.167162e+01
-3.158175e+01
-3.760634e+01
-3.941192e+01
-4.004353e+01
-4.101404e+01
-3.512943e+01
-3.825846e+01
-4.252264e+01
-4.120847e+01
-3.764842e+01
-3.486464e+01
-3.389309e+01
-3.614587e+01
-4.132945e+01
-4.155981e+01
-3.680026e+01
-2.721780e+01
-3.360526e+01
-4.603641e+01
-5.859479e+01
-5.922047e+01
-1.063397e+02
-8.676284e+01
-3.573490e+01
-1.479348e+02
-1.485163e+02
-1.300132e+02
-1.324864e+02
1.343497e+02
1.540902e+02
1.616794e+02
1.347205e+02
1.404331e+02
1.440168e+02
1.454229e+02
1.450555e+02
1.462267e+02
1.364913e+02
1.333402e+02
1.425258e+02
1.338492e+02
1.335502e+02
1.359731e+02
1.378920e+02
1.391494e+02
1.388981e+02
1.341556e+02
1.359413e+02
1.354976e+02
1.339178e+02
1.358784e+02
1.362942e+02
1.354907e+02
1.338945e+02
1.340121e+02
1.342089e+02
1.344057e+02
1.355947e+02
1.357482e+02
1.347116e+02
1.324318e+02
1.328855e+02
1.317291e+02
1.304680e+02
1.326820e+02
1.332920e+02
1.330942e+02
1.325530e+02
1.324193e+02
1.309049e+02
1.290957e+02
1.276856e+02
1.279148e+02
1.311902e+02
1.304150e+02
1.272038e+02
1.268960e+02
1.269021e+02
1.285477e+02
1.302540e+02
1.278936e+02
1.287481e+02
1.283094e+02
1.269865e+02
1.273240e+02
1.276615e+02
1.278741e+02
1.280674e+02
1.281751e+02
1.282105e+02
1.280866e+02
1.271482e+02
1.263600e+02
1.259900e+02
1.256102e+02
1.251982e+02
1.247863e+02
1.243743e+02
1.239623e+02
1.237405e+02
1.245212e+02
1.253019e+02
1.251295e+02
1.247173e+02
1.243040e+02
1.240205e+02
1.237369e+02
1.234534e+02
1.231264e+02
1.227331e+02
1.223399e+02
1.219467e+02
1.218411e+02
1.217477e+02
1.216543e+02
1.214460e+02
1.210549e+02
1.206637e+02
1.202726e+02
1.202047e+02
1.201492e+02
1.200938e+02
1.200384e+02
1.197931e+02
1.195436e+02
1.192970e+02
1.190840e+02
1.188711e+02
1.186582e+02
1.184099e+02
1.180621e+02
1.177142e+02
1.173664e+02
1.170185e+02
1.169442e+02
1.169209e+02
1.168976e+02
1.168743e+02
1.168509e+02
1.165787e+02
1.162890e+02
1.159992e+02
1.157094e+02
1.154196e+02
1.151884e+02
1.149846e+02
1.147809e+02
1.145772e+02
1.143734e+02
1.142329e+02
1.142510e+02
1.142692e+02
1.142873e+02
1.143055e+02
1.141426e+02
1.137797e+02
1.134167e+02
1.130538e+02
1.126909e+02
1.116656e+02
1.110074e+02
1.112664e+02
1.115254e+02
1.117404e+02
1.112589e+02
1.107774e+02
1.102958e+02
1.098143e+02
1.094324e+02
1.094839e+02
1.095354e+02
1.095869e+02
1.096385e+02
1.096900e+02
1.098422e+02
1.101183e+02
1.103945e+02
1.106707e+02
1.109468e+02
1.107467e+02
1.102869e+02
1.098271e+02
1.093673e+02
1.089075e+02
1.084477e+02
1.079879e+02
1.075281e+02
1.070683e+02
1.064153e+02
1.057991e+02
1.061750e+02
1.065509e+02
1.069268e+02
1.068361e+02
1.066575e+02
1.064789e+02
1.063002e+02
1.061216e+02
1.059430e+02
1.057644e+02
1.055857e+02
1.052576e+02
1.046505e+02
1.033744e+02
1.029053e+02
1.026097e+02
1.023142e+02
1.019699e+02
1.015735e+02
1.011771e+02
1.007808e+02
1.003844e+02
9.998801e+01
9.959164e+01
9.919526e+01
9.860682e+01
9.680644e+01
9.687920e+01
9.829202e+01
1.002098e+02
9.878905e+01
9.872829e+01
9.827528e+01
9.734280e+01
1.006214e+02
9.941581e+01
9.854175e+01
9.979897e+01
9.978831e+01
9.646430e+01
9.367194e+01
9.340563e+01
9.614928e+01
9.589756e+01
9.644520e+01
9.906859e+01
9.390510e+01
9.280640e+01
9.503550e+01
9.956740e+01
9.586790e+01
9.457746e+01
9.202075e+01
8.655922e+01
9.221635e+01
9.359166e+01
9.318694e+01
9.288914e+01
9.749999e+01
9.439360e+01
9.054659e+01
9.084996e+01
9.222017e+01
9.218124e+01
9.126151e+01
8.990171e+01
9.004504e+01
9.266514e+01
9.375343e+01
9.030878e+01
9.266427e+01
9.315540e+01
9.271049e+01
9.214867e+01
9.449233e+01
8.896103e+01
8.817551e+01
1.030327e+02
8.939559e+01
9.106901e+01
9.494147e+01
8.875309e+01
9.187557e+01
8.280165e+01
7.955898e+01
1.002534e+02
9.933601e+01
9.309244e+01
8.258862e+01
6.868987e+01
7.784947e+01
1.048566e+02
1.361815e+02
1.566372e+02
-8.168403e+01
-8.070433e+01
-1.194023e+02
-9.914188e+01
-9.093282e+01
-9.776721e+01
-1.056237e+02
-9.706441e+01
-9.152745e+01
-9.218335e+01
-9.566881e+01
-9.755679e+01
-9.543330e+01
-9.154282e+01
-8.887397e+01
-9.147598e+01
-9.457072e+01
-9.532753e+01
-9.582088e+01
-9.925111e+01
-9.583961e+01
-9.709097e+01
-9.981598e+01
-9.795594e+01
-9.745158e+01
-9.801136e+01
-9.812875e+01
-9.494700e+01
-1.000370e+02
-1.005041e+02
-9.789117e+01
-1.004006e+02
-1.017329e+02
-9.994319e+01
-9.760213e+01
-1.063872e+02
-8.678424e+01
-8.527332e+01
-1.078913e+02
-1.090761e+02
-1.154515e+02
-1.191961e+02
-1.169907e+02
-1.090746e+02
-1.719534e+02
1.043667e+02
3.238610e+01
6.533041e+01
7.670161e+01
8.113977e+01
9.025626e+01
7.352609e+01
7.844587e+01
8.565502e+01
7.325904e+01
8.132542e+01
8.105860e+01
7.721473e+01
7.592140e+01
7.521902e+01
8.020782e+01
8.522417e+01
8.305345e+01
7.262995e+01
1.001083e+02
1.486296e+02
-1.651646e+02
1.459331e+02
1.396983e+02
1.345145e+02
6.133418e+01
6.099001e+01
6.946234e+01
7.661486e+01
7.250804e+01
7.629008e+01
7.489133e+01
7.163551e+01
7.361665e+01
7.799323e+01
7.999570e+01
7.888960e+01
7.386625e+01
7.362331e+01
6.965456e+01
6.481940e+01
6.588686e+01
6.644096e+01
6.947894e+01
7.315289e+01
7.323232e+01
6.939114e+01
7.040082e+01
7.487975e+01
7.813406e+01
7.255797e+01
7.050732e+01
7.206150e+01
7.436904e+01
6.986491e+01
6.279107e+01
5.668673e+01
5.865089e+01
6.323216e+01
6.234707e+01
5.894495e+01
6.301580e+01
7.601288e+01
7.834616e+01
7.090819e+01
6.327077e+01
6.684576e+01
6.767165e+01
6.596246e+01
6.847798e+01
7.057278e+01
6.817493e+01
6.373618e+01
6.649294e+01
7.611067e+01
7.075742e+01
5.489606e+01
5.480082e+01
6.719626e+01
7.111621e+01
6.724455e+01
7.144557e+01
6.326146e+01
6.224178e+01
6.719412e+01
5.942771e+01
6.069042e+01
5.304128e+01
4.064439e+01
5.425812e+01
4.876090e+01
4.298981e+01
4.353248e+01
5.866650e+01
5.480260e+01
5.324701e+01
5.707589e+01
5.621378e+01
5.360440e+01
5.690821e+01
6.406989e+01
5.625368e+01
5.456301e+01
5.580974e+01
5.772964e+01
5.374239e+01
5.354705e+01
5.188031e+01
5.011510e+01
6.369743e+01
5.953015e+01
5.673081e+01
5.852188e+01
4.830151e+01
5.701159e+01
6.025001e+01
5.219172e+01
4.864918e+01
7.542939e+01
7.418227e+01
3.805957e+01
6.208975e+01
5.650381e+01
5.633397e+01
6.897546e+01
5.158751e+01
5.219208e+01
5.144709e+01
4.405867e+01
4.963796e+01
5.158507e+01
4.222586e+01
2.777945e+01
8.693938e+01
6.380459e+01
3.834725e+01
4.252617e+01
3.634922e+01
4.061344e+01
4.878560e+01
5.611591e+01
4.634720e+01
5.139204e+01
6.000388e+01
6.439458e+01
4.195504e+01
4.467835e+01
5.016957e+01
4.751736e+01
4.935472e+01
4.427840e+01
4.491996e+01
5.662767e+01
5.300337e+01
5.677342e+01
5.651013e+01
4.670047e+01
4.916938e+01
6.116476e+01
6.419309e+01
4.754197e+01
3.307958e+01
4.606805e+01
5.257698e+01
3.171985e+01
2.286376e+01
4.561005e+01
3.789503e+01
3.667676e+01
1.640278e+01
3.471323e+01
3.518367e+01
2.527011e+01
5.804217e+01
5.271042e+01
4.060117e+01
4.546302e+01
4.313026e+01
3.646787e+01
3.523578e+01
4.679536e+01
2.993224e+01
2.842596e+01
2.765503e+01
1.540715e+01
3.242810e+01
4.118960e+01
4.685037e+01
5.414515e+01
6.715916e+01
5.375532e+01
3.157155e+01
1.766724e+01
3.551943e+01
3.931200e+01
3.577029e+01
3.175085e+01
3.006882e+01
3.212741e+01
3.047887e+01
1.691976e+01
4.548778e+01
4.348491e+01
3.308645e+01
4.075032e+01
2.335981e+01
2.365905e+01
3.127050e+01
1.702317e+01
3.359464e+01
4.020458e+01
4.039390e+01
4.313269e+01
3.764151e+01
3.827506e+01
3.936332e+01
3.148604e+01
2.960012e+01
3.011580e+01
3.241920e+01
3.600309e+01
3.695628e+01
3.687471e+01
3.622224e+01
3.556978e+01
3.434860e+01
3.146967e+01
3.168494e+01
3.229120e+01
3.357119e+01
3.662486e+01
3.107163e+01
3.130160e+01
3.575471e+01
3.819270e+01
3.453320e+01
2.696963e+01
2.134115e+01
3.113015e+01
3.178609e+01
3.401340e+01
3.622349e+01
3.043695e+01
3.055610e+01
3.382507e+01
3.635978e+01
2.879140e+01
3.432467e+01
3.363413e+01
2.752367e+01
2.725293e+01
2.771111e+01
2.769838e+01
2.746816e+01
2.842983e+01
3.009503e+01
2.804117e+01
2.414451e+01
2.709264e+01
3.143847e+01
3.311240e+01
3.141188e+01
2.715084e+01
2.281347e+01
2.397142e+01
2.951287e+01
2.756983e+01
2.651429e+01
2.735686e+01
2.957373e+01
2.919915e+01
2.843086e+01
2.801017e+01
2.767351e+01
2.489979e+01
2.896882e+01
3.029544e+01
2.759083e+01
3.096072e+01
2.447751e+01
1.963606e+01
2.048260e+01
2.642002e+01
2.169177e+01
1.895403e+01
1.989089e+01
2.740422e+01
2.567236e+01
2.245144e+01
2.051704e+01
1.914835e+01
1.949373e+01
2.096713e+01
2.474145e+01
2.649557e+01
2.728138e+01
2.395357e+01
1.835766e+01
1.990509e+01
1.915137e+01
2.073803e+01
