6.450980e+00
6.504463e+00
6.536030e+00
6.553827e+00
6.561306e+00
6.568782e+00
6.576259e+00
6.581355e+00
6.584615e+00
6.587877e+00
6.591138e+00
6.594400e+00
6.597661e+00
6.600923e+00
6.607071e+00
6.617813e+00
6.628554e+00
6.639296e+00
6.650037e+00
6.660779e+00
6.671521e+00
6.682262e+00
6.693004e+00
6.703746e+00
6.714488e+00
6.725229e+00
6.735971e+00
6.746712e+00
6.762356e+00
6.779016e+00
6.795676e+00
6.812337e+00
6.828997e+00
6.845658e+00
6.862318e+00
6.878979e+00
6.895639e+00
6.912300e+00
6.928960e+00
6.945620e+00
6.962280e+00
6.978940e+00
6.995601e+00
7.012262e+00
7.034384e+00
7.056764e+00
7.079144e+00
7.101523e+00
7.123902e+00
7.146282e+00
7.168661e+00
7.191041e+00
7.213420e+00
7.235800e+00
7.258179e+00
7.280559e+00
7.302938e+00
7.325318e+00
7.347698e+00
7.370077e+00
7.401919e+00
7.434042e+00
7.466164e+00
7.498287e+00
7.530408e+00
7.562532e+00
7.594654e+00
7.626777e+00
7.658899e+00
7.691021e+00
7.723144e+00
7.755266e+00
7.788713e+00
7.827227e+00
7.865742e+00
7.904255e+00
7.942770e+00
7.981285e+00
8.019799e+00
8.058313e+00
8.096828e+00
8.135342e+00
8.173857e+00
8.212371e+00
8.254180e+00
8.300119e+00
8.346059e+00
8.391999e+00
8.437938e+00
8.483878e+00
8.529818e+00
8.575757e+00
8.621696e+00
8.667636e+00
8.713575e+00
8.765655e+00
8.819906e+00
8.874158e+00
8.928409e+00
8.982660e+00
9.036912e+00
9.091163e+00
9.145414e+00
9.206029e+00
9.266928e+00
9.327826e+00
9.388725e+00
9.449623e+00
9.510522e+00
9.571440e+00
9.632458e+00
9.693476e+00
9.754495e+00
9.815513e+00
9.876531e+00
9.937550e+00
9.998569e+00
1.111900e+01
1.238978e+01
1.366056e+01
1.493134e+01
1.620211e+01
1.747289e+01
1.812449e+01
1.695502e+01
1.635405e+01
1.323697e+01
8.483748e+00
4.741926e+00
7.564590e+00
8.856436e+00
8.724284e+00
1.196731e+01
1.143573e+01
1.062125e+01
1.048985e+01
1.157851e+01
1.164375e+01
1.157025e+01
1.165395e+01
1.173765e+01
1.182648e+01
1.197509e+01
1.212370e+01
1.227231e+01
1.239797e+01
1.252126e+01
1.264454e+01
1.276783e+01
1.287710e+01
1.298322e+01
1.308933e+01
1.323169e+01
1.338118e+01
1.353431e+01
1.389104e+01
1.419628e+01
1.442463e+01
1.454702e+01
1.463764e+01
1.485777e+01
1.507790e+01
1.529553e+01
1.551297e+01
1.572736e+01
1.592988e+01
1.613240e+01
1.638188e+01
1.665616e+01
1.694064e+01
1.723486e+01
1.747946e+01
1.771121e+01
1.791238e+01
1.811355e+01
1.863652e+01
1.902411e+01
1.923148e+01
1.919728e+01
1.991121e+01
2.029770e+01
2.050875e+01
2.106720e+01
2.150487e+01
2.233062e+01
2.347449e+01
2.449809e+01
2.373527e+01
2.369594e+01
2.463641e+01
2.507862e+01
2.665089e+01
2.769556e+01
2.805691e+01
3.072262e+01
3.224652e+01
3.362663e+01
3.552699e+01
4.044883e+01
5.718101e+01
6.992737e+01
6.823712e+01
6.677580e+01
6.414551e+01
5.445774e+01
3.164786e+01
2.931153e+01
2.962518e+01
3.005736e+01
2.754166e+01
2.703972e+01
2.561334e+01
2.379182e+01
2.292127e+01
2.143513e+01
2.050484e+01
2.035536e+01
2.120555e+01
2.003519e+01
1.918384e+01
1.890791e+01
1.871114e+01
1.883757e+01
1.846382e+01
1.762809e+01
1.770174e+01
1.702957e+01
1.639940e+01
1.607906e+01
1.580665e+01
1.551700e+01
1.523589e+01
1.517041e+01
1.505388e+01
1.436522e+01
1.405379e+01
1.383669e+01
1.356864e+01
1.318608e+01
1.252907e+01
1.260162e+01
1.248092e+01
1.221764e+01
1.197328e+01
1.173637e+01
1.156579e+01
1.146041e+01
1.130800e+01
1.104680e+01
1.078560e+01
1.052441e+01
1.026321e+01
1.000201e+01
9.728504e+00
9.568196e+00
9.537634e+00
9.415661e+00
9.013283e+00
8.812726e+00
9.029932e+00
8.377923e+00
8.059041e+00
7.827481e+00
7.520113e+00
7.212744e+00
7.216010e+00
7.440893e+00
7.430265e+00
7.044431e+00
6.960007e+00
7.232382e+00
7.603140e+00
6.944459e+00
6.188903e+00
5.608919e+00
5.468294e+00
5.350865e+00
5.295742e+00
5.326282e+00
5.498328e+00
5.261191e+00
5.189171e+00
5.240233e+00
4.684038e+00
4.981599e+00
5.351029e+00
5.457833e+00
4.731450e+00
4.071291e+00
3.723331e+00
3.481327e+00
2.088485e+00
2.392708e+00
3.041777e+00
3.479420e+00
2.903613e+00
2.661241e+00
2.231112e+00
1.761386e+00
2.870480e+00
3.149557e+00
3.283415e+00
3.296461e+00
2.085568e+00
1.959188e+00
1.958988e+00
1.901126e+00
2.665583e+00
2.811821e+00
2.708373e+00
2.452873e+00
1.830457e+00
1.534704e+00
1.403855e+00
1.368526e+00
1.361354e+00
1.283465e+00
1.185248e+00
1.087029e+00
9.884902e-01
8.895401e-01
7.905901e-01
6.916401e-01
5.926896e-01
4.937397e-01
3.933668e-01
2.915397e-01
1.897127e-01
8.788551e-02
-1.394181e-02
-6.972691e-02
-1.208817e-01
-3.008497e-01
-3.790793e-01
-5.368325e-01
-7.458462e-01
-8.365759e-01
-9.273053e-01
-1.016163e+00
-1.094039e+00
-1.171916e+00
-1.249792e+00
-1.327668e+00
-1.405544e+00
-1.485370e+00
-1.566864e+00
-1.648357e+00
-1.729851e+00
-1.811344e+00
-1.892838e+00
-2.020619e+00
-2.221596e+00
-2.391482e+00
-2.561367e+00
-2.731252e+00
-2.809662e+00
-2.850352e+00
-2.891042e+00
-2.999661e+00
-3.264479e+00
-3.261792e+00
-3.250124e+00
-3.309331e+00
-3.454720e+00
-3.600110e+00
-3.724285e+00
-3.801519e+00
-3.878753e+00
-3.955987e+00
-4.033221e+00
-4.162885e+00
-4.296697e+00
-4.430509e+00
-4.564322e+00
-4.720315e+00
-4.877979e+00
-5.035643e+00
-5.193307e+00
-5.314839e+00
-5.403405e+00
-5.462069e+00
-5.520734e+00
-5.577744e+00
-5.610398e+00
-5.643052e+00
-5.675705e+00
-5.708360e+00
-5.741014e+00
-5.773667e+00
-5.806322e+00
-6.271740e+00
-6.529343e+00
-6.650212e+00
-6.779932e+00
-6.909652e+00
-7.039372e+00
-7.107192e+00
-7.168491e+00
-7.229791e+00
-7.291090e+00
-7.406016e+00
-7.590681e+00
-7.775344e+00
-7.980916e+00
-8.195987e+00
-8.411057e+00
-8.619309e+00
-8.765504e+00
-8.618174e+00
-8.679273e+00
-8.811134e+00
-8.942996e+00
-9.138153e+00
-9.560308e+00
-9.717731e+00
-9.788857e+00
-9.817695e+00
-9.846533e+00
-9.990590e+00
-1.019518e+01
-1.045065e+01
-1.073739e+01
-1.101117e+01
-1.083583e+01
-1.124251e+01
-1.155355e+01
-1.123443e+01
-1.170419e+01
-1.215198e+01
-1.249634e+01
-1.265067e+01
-1.270004e+01
-1.293382e+01
-1.326431e+01
-1.359479e+01
-1.399427e+01
-1.454234e+01
-1.486699e+01
-1.485936e+01
-1.506752e+01
-1.615435e+01
-1.633372e+01
-1.614651e+01
-1.616260e+01
-1.708844e+01
-1.751497e+01
-1.827053e+01
-1.889386e+01
-1.865899e+01
-2.019664e+01
-2.070805e+01
-2.108688e+01
-2.294004e+01
-2.369930e+01
-2.493229e+01
-2.666564e+01
-2.880583e+01
-2.959735e+01
-3.754036e+01
-4.611412e+01
-4.313266e+01
-3.349414e+01
-2.843177e+01
-2.664474e+01
-2.431378e+01
-2.330365e+01
-2.156629e+01
-1.974780e+01
-1.943050e+01
-1.753579e+01
-1.621590e+01
-1.543073e+01
-1.470018e+01
-1.359872e+01
-1.264285e+01
-1.182284e+01
-1.096931e+01
-1.054064e+01
-9.779136e+00
-8.815504e+00
-8.222053e+00
-7.723717e+00
-6.894228e+00
-5.902839e+00
-5.591910e+00
-4.881557e+00
-4.002209e+00
-3.079149e+00
-2.469810e+00
-1.437878e+00
-7.303700e-01
-4.608628e-01
8.312759e-01
1.859005e+00
2.807604e+00
3.760296e+00
4.546162e+00
5.217464e+00
6.268716e+00
8.077788e+00
9.979895e+00
1.151823e+01
1.514135e+01
2.359135e+01
2.404157e+01
2.481289e+01
2.532018e+01
2.429043e+01
1.723876e+01
1.274961e+01
1.050773e+01
8.600717e+00
7.600673e+00
6.263333e+00
4.914064e+00
5.075951e+00
3.928478e+00
3.076828e+00
2.731252e+00
2.279161e+00
1.512614e+00
1.015348e+00
7.708356e-01
5.980906e-02
-2.865749e-01
-6.180824e-01
-1.086920e+00
-1.969182e+00
-1.812743e+00
-2.132097e+00
-3.209929e+00
-3.883883e+00
-3.924908e+00
-4.674024e+00
-6.324006e+00
-7.250131e+00
-1.236959e+01
-1.386630e+01
-8.213683e+00
8.502818e+00
-4.418959e+00
-8.800235e+00
5.954397e+00
1.256372e+00
-2.682052e-01
-8.326657e-01
-1.381260e+00
-1.696929e+00
-2.034651e+00
-2.466273e+00
-2.968941e+00
-2.855540e+00
-3.019802e+00
-3.301972e+00
-3.577277e+00
-3.353670e+00
-3.527724e+00
-3.783011e+00
-3.944188e+00
-4.087856e+00
-4.103749e+00
-4.386312e+00
-5.100982e+00
-4.947322e+00
-5.486633e+00
-5.732754e+00
-5.114679e+00
-4.962485e+00
-5.989301e+00
-6.527734e+00
-5.541268e+00
-5.400598e+00
-5.860529e+00
-6.089376e+00
-5.552000e+00
-5.964776e+00
-6.764199e+00
-7.440202e+00
-7.614925e+00
-7.664628e+00
-7.060548e+00
-6.594032e+00
-6.871997e+00
-6.731583e+00
-6.681836e+00
-6.806499e+00
-6.931162e+00
-7.016574e+00
-7.061825e+00
-7.107075e+00
-7.152326e+00
-7.197576e+00
-7.243454e+00
-7.299966e+00
-7.356479e+00
-7.437459e+00
-7.585752e+00
-7.734044e+00
-7.855930e+00
-7.972862e+00
-8.089793e+00
-8.206724e+00
-8.297004e+00
-8.378200e+00
-8.459396e+00
-8.540593e+00
-8.621791e+00
-8.684171e+00
-8.742237e+00
-8.800303e+00
-8.858370e+00
-8.930884e+00
-9.021838e+00
-9.112790e+00
-9.203744e+00
-9.294698e+00
-9.326565e+00
-9.338228e+00
-9.349893e+00
-9.361556e+00
-9.373220e+00
-9.452927e+00
-9.550719e+00
-9.648512e+00
-9.746305e+00
-9.844097e+00
-9.924006e+00
-9.972523e+00
-1.002104e+01
-1.006956e+01
-1.011807e+01
-1.016659e+01
-1.023370e+01
-1.030376e+01
-1.037383e+01
-1.044390e+01
-1.051396e+01
-1.058403e+01
-1.065410e+01
-1.072386e+01
-1.075590e+01
-1.078794e+01
-1.081998e+01
-1.085202e+01
-1.088406e+01
-1.091610e+01
-1.094814e+01
-1.098018e+01
-1.102195e+01
-1.106587e+01
-1.110978e+01
-1.115370e+01
-1.119762e+01
-1.124153e+01
-1.128545e+01
-1.132937e+01
-1.137328e+01
-1.141297e+01
-1.145148e+01
-1.148998e+01
-1.152849e+01
-1.156699e+01
-1.160550e+01
-1.164400e+01
-1.168250e+01
-1.172101e+01
-1.175951e+01
-1.179802e+01
-1.182248e+01
-1.182073e+01
-1.181897e+01
-1.181721e+01
-1.181546e+01
-1.181370e+01
-1.181194e+01
-1.181019e+01
-1.180843e+01
-1.180667e+01
-1.180492e+01
-1.180316e+01
-1.180140e+01
-1.179965e+01
-1.179789e+01
-1.179613e+01
-1.179438e+01
-1.293755e+01
-1.316021e+01
-1.311101e+01
-1.356340e+01
-1.347384e+01
-1.344691e+01
-1.346913e+01
-1.349136e+01
-1.359109e+01
-1.391954e+01
-1.374486e+01
-1.360326e+01
-1.351788e+01
-1.343250e+01
-1.312494e+01
-1.344348e+01
-1.419915e+01
-1.420235e+01
-1.418549e+01
-1.416508e+01
-1.414468e+01
-1.413234e+01
-1.412772e+01
-1.412309e+01
-1.411846e+01
-1.411383e+01
-1.410920e+01
-1.410457e+01
-1.409994e+01
-1.410818e+01
-1.418197e+01
-1.442109e+01
-1.463377e+01
-1.477546e+01
-1.487092e+01
-1.466701e+01
-1.451071e+01
-1.447326e+01
-1.443581e+01
-1.445345e+01
-1.447768e+01
-1.450192e+01
-1.452615e+01
-1.455039e+01
-1.457462e+01
-1.460087e+01
-1.463001e+01
-1.465916e+01
-1.468830e+01
-1.471745e+01
-1.474659e+01
-1.477573e+01
-1.480488e+01
-1.483402e+01
-1.486317e+01
-1.489231e+01
-1.492146e+01
-1.495060e+01
-1.497974e+01
-1.500889e+01
-1.503803e+01
-1.512522e+01
-1.543995e+01
-1.625997e+01
-1.612454e+01
-1.520527e+01
-1.479275e+01
-1.508793e+01
-1.539587e+01
-1.557558e+01
-1.567222e+01
-1.605513e+01
-1.639354e+01
-1.651388e+01
-1.598275e+01
-1.616207e+01
-1.630647e+01
-1.627570e+01
-1.649848e+01
-1.606491e+01
-1.599677e+01
-1.650212e+01
-1.690377e+01
-1.667064e+01
-1.624681e+01
-1.584068e+01
-1.575120e+01
-1.616748e+01
-1.646151e+01
-1.637178e+01
-1.632656e+01
-1.628135e+01
-1.623613e+01
-1.630278e+01
-1.627918e+01
-1.611290e+01
-1.651415e+01
-1.641938e+01
-1.621629e+01
-1.631016e+01
-1.640703e+01
-1.653448e+01
-1.671038e+01
-1.690211e+01
-1.709384e+01
-1.702087e+01
-1.666007e+01
-1.729240e+01
-1.698063e+01
-1.670095e+01
-1.695958e+01
-1.711396e+01
-1.690526e+01
-1.697761e+01
-1.767549e+01
-1.669213e+01
