8.340880e+00
5.495284e+00
3.690613e+00
2.572984e+00
1.927250e+00
1.281515e+00
6.357811e-01
2.083066e-01
-1.387242e-01
-4.857549e-01
-8.327857e-01
-1.179816e+00
-1.526847e+00
-1.873878e+00
-2.176286e+00
-2.417167e+00
-2.658047e+00
-2.898928e+00
-3.139808e+00
-3.380689e+00
-3.621570e+00
-3.862450e+00
-4.103331e+00
-4.344211e+00
-4.585092e+00
-4.825973e+00
-5.066853e+00
-5.294706e+00
-5.512888e+00
-5.731070e+00
-5.949253e+00
-6.167434e+00
-6.385616e+00
-6.603798e+00
-6.821980e+00
-7.040161e+00
-7.258344e+00
-7.476526e+00
-7.694708e+00
-7.912890e+00
-8.131072e+00
-8.349254e+00
-8.567435e+00
-8.788464e+00
-9.020477e+00
-9.252491e+00
-9.484504e+00
-9.716516e+00
-9.948529e+00
-1.018054e+01
-1.041256e+01
-1.064457e+01
-1.087658e+01
-1.110860e+01
-1.134061e+01
-1.157262e+01
-1.180464e+01
-1.203665e+01
-1.226231e+01
-1.247595e+01
-1.268958e+01
-1.290321e+01
-1.311685e+01
-1.333048e+01
-1.354411e+01
-1.375774e+01
-1.397138e+01
-1.418501e+01
-1.439864e+01
-1.461227e+01
-1.482591e+01
-1.503954e+01
-1.522018e+01
-1.539953e+01
-1.557888e+01
-1.575823e+01
-1.593758e+01
-1.611693e+01
-1.629627e+01
-1.647562e+01
-1.665497e+01
-1.683432e+01
-1.701367e+01
-1.719302e+01
-1.742923e+01
-1.767199e+01
-1.791474e+01
-1.815749e+01
-1.840024e+01
-1.864300e+01
-1.888575e+01
-1.912850e+01
-1.937126e+01
-1.961401e+01
-1.980466e+01
-1.998562e+01
-2.016657e+01
-2.034752e+01
-2.052848e+01
-2.070943e+01
-2.089038e+01
-2.107133e+01
-2.125229e+01
-2.137086e+01
-2.146853e+01
-2.156621e+01
-2.166388e+01
-2.176155e+01
-2.185923e+01
-2.195690e+01
-2.205385e+01
-2.223306e+01
-2.241227e+01
-2.259148e+01
-2.277069e+01
-2.294991e+01
-2.281898e+01
-2.258275e+01
-2.234651e+01
-2.216074e+01
-2.224678e+01
-2.233282e+01
-2.241887e+01
-2.250491e+01
-2.342767e+01
-2.439244e+01
-2.535722e+01
-2.632461e+01
-2.590486e+01
-2.506730e+01
-4.223424e+01
-6.452503e+01
-1.114455e+02
1.711748e+02
-8.748996e+01
-3.988393e+01
-2.913654e+01
-4.235592e+01
-7.174837e+01
-4.243047e+01
-1.329097e+01
-4.893316e+01
-4.549072e+01
-3.654612e+01
-2.976127e+01
-3.403188e+01
-2.966040e+01
-2.889183e+01
-3.029959e+01
-3.062929e+01
-3.095898e+01
-3.136757e+01
-3.178442e+01
-3.220128e+01
-3.220663e+01
-3.211741e+01
-3.202819e+01
-3.209960e+01
-3.232598e+01
-3.255236e+01
-3.260621e+01
-3.265269e+01
-3.269917e+01
-3.299690e+01
-3.337247e+01
-3.374803e+01
-3.401394e+01
-3.425495e+01
-3.454811e+01
-3.506916e+01
-3.559021e+01
-3.592211e+01
-3.616780e+01
-3.634569e+01
-3.624559e+01
-3.614548e+01
-3.645463e+01
-3.711696e+01
-3.717210e+01
-3.687045e+01
-3.764515e+01
-3.807357e+01
-3.803424e+01
-3.767985e+01
-3.794382e+01
-3.879337e+01
-3.889570e+01
-3.955112e+01
-4.165239e+01
-4.452468e+01
-3.715059e+01
-3.204731e+01
-2.942126e+01
-3.004012e+01
-4.508698e+01
-3.700382e+01
-2.527907e+01
-2.518894e+01
-2.614330e+01
-3.396963e+01
-4.259050e+01
-4.614883e+01
-4.235699e+01
-5.094983e+01
-4.878131e+01
-2.296937e+00
-2.362170e+01
-6.575175e+01
-1.182576e+02
-1.678812e+02
-1.9e+02
-2.3e+02
1.008266e+02
1.350716e+02
1.360009e+02
1.358891e+02
1.372352e+02
1.243239e+02
1.309500e+02
1.346593e+02
1.320788e+02
1.433196e+02
1.428726e+02
1.368684e+02
1.290031e+02
1.328906e+02
1.336222e+02
1.336456e+02
1.342404e+02
1.321008e+02
1.320458e+02
1.345088e+02
1.399916e+02
1.420083e+02
1.353952e+02
1.298587e+02
1.366354e+02
1.294752e+02
1.285265e+02
1.296516e+02
1.255622e+02
1.326194e+02
1.318604e+02
1.266027e+02
1.268295e+02
1.284929e+02
1.302191e+02
1.318312e+02
1.316653e+02
1.295993e+02
1.292442e+02
1.287739e+02
1.280956e+02
1.276277e+02
1.274862e+02
1.271718e+02
1.263773e+02
1.260270e+02
1.260139e+02
1.261124e+02
1.259170e+02
1.250928e+02
1.247628e+02
1.248766e+02
1.249904e+02
1.250650e+02
1.250520e+02
1.250391e+02
1.250261e+02
1.250131e+02
1.243254e+02
1.218195e+02
1.256304e+02
1.275791e+02
1.264969e+02
1.212488e+02
1.214874e+02
1.198759e+02
1.196408e+02
1.278831e+02
1.240463e+02
1.223206e+02
1.224964e+02
1.217383e+02
1.195761e+02
1.196836e+02
1.205845e+02
1.180761e+02
1.197438e+02
1.202730e+02
1.196231e+02
1.192677e+02
1.189123e+02
1.185570e+02
1.188283e+02
1.191797e+02
1.192137e+02
1.191277e+02
1.190417e+02
1.189001e+02
1.184235e+02
1.179469e+02
1.174702e+02
1.172309e+02
1.172114e+02
1.171920e+02
1.171278e+02
1.169530e+02
1.167783e+02
1.166036e+02
1.164288e+02
1.163696e+02
1.163639e+02
1.163582e+02
1.163525e+02
1.163468e+02
1.160197e+02
1.155262e+02
1.150327e+02
1.145393e+02
1.140991e+02
1.139495e+02
1.137999e+02
1.136503e+02
1.135007e+02
1.133423e+02
1.131765e+02
1.130107e+02
1.128449e+02
1.126791e+02
1.124982e+02
1.122672e+02
1.120362e+02
1.118052e+02
1.115742e+02
1.113474e+02
1.111370e+02
1.109266e+02
1.107161e+02
1.105057e+02
1.102952e+02
1.100701e+02
1.098449e+02
1.096197e+02
1.093946e+02
1.091694e+02
1.089472e+02
1.087254e+02
1.085035e+02
1.082817e+02
1.080599e+02
1.078490e+02
1.076405e+02
1.074319e+02
1.072234e+02
1.070149e+02
1.068566e+02
1.068590e+02
1.068615e+02
1.068639e+02
1.068663e+02
1.065078e+02
1.060982e+02
1.056887e+02
1.052791e+02
1.048695e+02
1.045908e+02
1.043307e+02
1.040705e+02
1.038103e+02
1.035501e+02
1.034703e+02
1.034837e+02
1.034971e+02
1.035105e+02
1.035239e+02
1.035930e+02
1.037172e+02
1.038415e+02
1.039657e+02
1.040900e+02
1.042142e+02
1.037168e+02
1.016053e+02
1.017146e+02
1.019593e+02
1.023950e+02
1.028468e+02
1.032986e+02
1.037504e+02
1.040010e+02
1.004395e+02
9.986709e+01
1.001449e+02
9.982512e+01
9.845784e+01
9.709055e+01
9.592501e+01
9.712443e+01
9.769302e+01
9.804346e+01
9.738258e+01
9.653029e+01
9.575063e+01
9.610834e+01
9.775315e+01
9.939796e+01
1.010428e+02
9.752155e+01
9.611626e+01
9.733054e+01
9.583878e+01
9.604887e+01
9.661234e+01
9.530516e+01
9.313201e+01
9.353529e+01
9.437933e+01
9.446368e+01
9.380676e+01
9.357394e+01
9.494643e+01
9.501891e+01
9.477037e+01
9.373421e+01
9.269804e+01
8.957574e+01
8.744110e+01
9.182329e+01
9.391099e+01
9.518231e+01
9.505735e+01
9.203309e+01
9.330108e+01
9.269289e+01
9.158802e+01
9.499405e+01
9.686232e+01
9.325988e+01
8.731693e+01
8.888032e+01
9.200283e+01
9.215916e+01
8.973016e+01
8.777635e+01
8.916282e+01
8.901562e+01
8.666572e+01
8.335462e+01
8.906179e+01
9.040733e+01
8.712469e+01
9.052736e+01
8.515106e+01
8.459660e+01
8.704027e+01
7.058350e+01
8.440267e+01
9.996809e+01
1.011825e+02
5.036074e+01
-6.036811e+01
-1.176438e+02
-1.036757e+02
-8.837801e+01
-9.205621e+01
-9.766847e+01
-1.001429e+02
-9.973376e+01
-1.003671e+02
-9.939722e+01
-9.706829e+01
-9.937755e+01
-9.578675e+01
-9.566463e+01
-1.006741e+02
-1.017386e+02
-1.006523e+02
-9.913074e+01
-9.757809e+01
-9.456649e+01
-9.665951e+01
-9.912497e+01
-9.974876e+01
-9.820728e+01
-9.809412e+01
-9.805067e+01
-9.762357e+01
-1.009823e+02
-9.989890e+01
-9.912702e+01
-1.015086e+02
-1.012985e+02
-1.003245e+02
-9.969492e+01
-1.004327e+02
-1.003523e+02
-1.012460e+02
-1.016003e+02
-9.940163e+01
-9.970787e+01
-1.032360e+02
-1.079113e+02
-1.099933e+02
-1.162018e+02
-1.211167e+02
-1.197626e+02
-1.003073e+02
-9.827937e+01
-1.033808e+02
-1.124646e+02
-1.209124e+02
1.416391e+02
7.360944e+01
6.459466e+01
9.843644e+01
9.486050e+01
7.945006e+01
6.527082e+01
7.955241e+01
7.740536e+01
7.331609e+01
7.439320e+01
7.885760e+01
7.676817e+01
7.479977e+01
7.716716e+01
7.479610e+01
7.606012e+01
7.818103e+01
7.903989e+01
7.313198e+01
7.645341e+01
8.210242e+01
8.418974e+01
8.104972e+01
1.392250e+02
-1.505063e+02
-1.129774e+02
-1.705503e+02
1.086509e+02
5.781449e+01
9.212200e+01
7.845448e+01
7.271109e+01
7.162743e+01
6.923971e+01
7.287902e+01
7.029055e+01
6.502871e+01
6.289285e+01
6.933480e+01
6.920734e+01
6.499678e+01
6.214417e+01
6.967559e+01
7.286246e+01
7.184669e+01
6.835876e+01
6.720668e+01
6.524459e+01
6.509451e+01
7.271440e+01
6.927413e+01
6.751667e+01
6.831268e+01
7.074276e+01
7.033713e+01
6.801685e+01
6.503743e+01
6.391481e+01
6.374603e+01
6.426119e+01
6.427438e+01
6.104486e+01
5.985235e+01
5.512565e+01
5.125875e+01
6.118166e+01
6.710831e+01
6.455339e+01
5.840501e+01
6.314192e+01
6.571241e+01
6.340115e+01
5.891663e+01
6.094275e+01
6.193766e+01
5.997781e+01
5.659313e+01
5.723665e+01
5.754239e+01
6.399881e+01
7.135748e+01
5.939598e+01
5.263777e+01
5.377444e+01
5.972543e+01
5.860229e+01
5.882474e+01
5.803154e+01
5.678437e+01
5.883223e+01
5.510591e+01
5.850574e+01
6.714591e+01
6.303911e+01
6.235157e+01
5.999983e+01
5.617488e+01
5.652978e+01
5.652763e+01
5.648613e+01
5.647853e+01
5.647092e+01
5.643842e+01
5.627166e+01
5.610490e+01
5.593815e+01
5.577139e+01
5.560464e+01
5.543788e+01
5.527112e+01
5.510436e+01
5.490105e+01
5.468913e+01
5.447721e+01
5.426529e+01
5.405336e+01
5.384144e+01
5.362952e+01
5.341759e+01
5.320567e+01
5.299375e+01
5.284801e+01
5.270417e+01
5.256034e+01
5.241650e+01
5.210951e+01
5.176005e+01
5.141058e+01
5.106112e+01
5.071165e+01
5.036219e+01
5.001521e+01
4.981531e+01
4.961541e+01
4.941550e+01
4.921560e+01
4.884921e+01
4.838626e+01
4.755849e+01
4.675388e+01
4.595915e+01
4.516442e+01
4.441538e+01
4.373915e+01
4.254735e+01
4.243583e+01
4.349719e+01
4.392632e+01
4.427184e+01
4.462135e+01
4.497087e+01
4.529712e+01
4.553198e+01
4.576684e+01
4.600170e+01
4.623656e+01
4.647142e+01
4.632383e+01
4.605337e+01
4.584677e+01
4.564017e+01
4.299010e+01
4.182824e+01
4.188068e+01
4.250164e+01
4.312259e+01
4.374355e+01
4.425209e+01
4.420948e+01
4.375294e+01
4.329640e+01
4.273719e+01
4.220386e+01
4.216509e+01
4.212632e+01
4.208755e+01
4.145623e+01
4.072310e+01
3.998996e+01
3.925683e+01
3.852370e+01
3.779057e+01
3.568275e+01
3.478102e+01
3.644793e+01
3.605391e+01
3.584415e+01
3.585882e+01
3.587349e+01
3.588815e+01
3.464374e+01
3.267987e+01
3.826511e+01
3.826672e+01
3.758396e+01
3.804860e+01
3.713536e+01
3.622212e+01
3.554945e+01
3.800958e+01
3.771872e+01
3.666160e+01
3.658098e+01
3.650036e+01
3.641973e+01
3.520278e+01
3.354055e+01
3.560261e+01
3.559640e+01
3.515229e+01
3.506226e+01
3.497223e+01
3.488220e+01
3.479217e+01
3.468172e+01
3.454701e+01
3.441230e+01
3.427758e+01
3.414287e+01
3.400816e+01
3.387345e+01
3.373874e+01
3.360402e+01
3.357665e+01
3.405457e+01
3.453249e+01
3.501041e+01
3.548832e+01
3.596624e+01
3.644416e+01
3.692208e+01
3.598540e+01
3.530663e+01
3.715279e+01
3.535858e+01
3.380775e+01
3.251855e+01
3.121322e+01
3.103750e+01
3.092792e+01
3.081833e+01
3.052761e+01
3.011903e+01
2.971044e+01
2.930186e+01
2.889327e+01
2.848469e+01
2.807610e+01
2.766751e+01
2.735213e+01
2.730401e+01
2.725590e+01
2.720778e+01
2.715967e+01
2.711156e+01
2.706344e+01
2.701533e+01
2.696924e+01
2.726102e+01
2.755280e+01
2.784458e+01
2.813635e+01
2.842813e+01
2.871991e+01
2.901168e+01
2.930346e+01
2.691938e+01
2.596011e+01
2.782956e+01
2.194217e+01
2.389844e+01
2.534163e+01
2.142758e+01
1.720587e+01
2.112704e+01
2.404091e+01
2.049212e+01
1.996210e+01
1.899678e+01
1.871400e+01
1.983508e+01
2.210942e+01
2.343221e+01
2.352190e+01
2.278768e+01
2.205345e+01
2.131922e+01
2.424129e+01
