5.872748e+00
5.938609e+00
5.967710e+00
5.977611e+00
5.985663e+00
5.993714e+00
6.001766e+00
6.008547e+00
6.014859e+00
6.021171e+00
6.027483e+00
6.033795e+00
6.040107e+00
6.046420e+00
6.053742e+00
6.062459e+00
6.071175e+00
6.079891e+00
6.088607e+00
6.097323e+00
6.106040e+00
6.114756e+00
6.123471e+00
6.132188e+00
6.140904e+00
6.149621e+00
6.158337e+00
6.171368e+00
6.187603e+00
6.203838e+00
6.220073e+00
6.236308e+00
6.252543e+00
6.268777e+00
6.285013e+00
6.301248e+00
6.317482e+00
6.333717e+00
6.349953e+00
6.366187e+00
6.382422e+00
6.398657e+00
6.414892e+00
6.431585e+00
6.450047e+00
6.468508e+00
6.486970e+00
6.505432e+00
6.523893e+00
6.542355e+00
6.560816e+00
6.579278e+00
6.597740e+00
6.616201e+00
6.634663e+00
6.653125e+00
6.671586e+00
6.690048e+00
6.712548e+00
6.742704e+00
6.772859e+00
6.803015e+00
6.833171e+00
6.863327e+00
6.893483e+00
6.923638e+00
6.953794e+00
6.983950e+00
7.014107e+00
7.044262e+00
7.074419e+00
7.104574e+00
7.142467e+00
7.180663e+00
7.218859e+00
7.257055e+00
7.295251e+00
7.333448e+00
7.371644e+00
7.409840e+00
7.448037e+00
7.486233e+00
7.524429e+00
7.562625e+00
7.610018e+00
7.658466e+00
7.706916e+00
7.755364e+00
7.803814e+00
7.852262e+00
7.900712e+00
7.949161e+00
7.997610e+00
8.046059e+00
8.094172e+00
8.142221e+00
8.190271e+00
8.238321e+00
8.286371e+00
8.334421e+00
8.382471e+00
8.430521e+00
8.478571e+00
8.544802e+00
8.617123e+00
8.689445e+00
8.761765e+00
8.834087e+00
8.906408e+00
8.978729e+00
9.051068e+00
9.121552e+00
9.192038e+00
9.262523e+00
9.333008e+00
9.403493e+00
9.493617e+00
9.590409e+00
9.687201e+00
9.790926e+00
9.931989e+00
1.007305e+01
1.021412e+01
1.035518e+01
1.037656e+01
1.039192e+01
1.040729e+01
1.006264e+01
1.109286e+01
1.393389e+01
1.418721e+01
1.596114e+01
1.687456e+01
1.558223e+01
1.728954e+01
1.775687e+01
1.748272e+01
1.688961e+01
1.266407e+01
7.158415e+00
5.088653e+00
1.165933e+01
1.097375e+01
1.125050e+01
1.146500e+01
1.023011e+01
1.092397e+01
1.116992e+01
1.114762e+01
1.133563e+01
1.152364e+01
1.170005e+01
1.187524e+01
1.205043e+01
1.216953e+01
1.227574e+01
1.238195e+01
1.253243e+01
1.272562e+01
1.291882e+01
1.308974e+01
1.325971e+01
1.342968e+01
1.359986e+01
1.377009e+01
1.394032e+01
1.415874e+01
1.438809e+01
1.461299e+01
1.481838e+01
1.502378e+01
1.524495e+01
1.547332e+01
1.570203e+01
1.593215e+01
1.616227e+01
1.642994e+01
1.673000e+01
1.695090e+01
1.712530e+01
1.750579e+01
1.789884e+01
1.827300e+01
1.858689e+01
1.877056e+01
1.893389e+01
1.997713e+01
2.055509e+01
2.081594e+01
2.084824e+01
2.104461e+01
2.164240e+01
2.254658e+01
2.357071e+01
2.151353e+01
2.134366e+01
2.246735e+01
2.439795e+01
2.542168e+01
2.762496e+01
2.975182e+01
3.057684e+01
3.202939e+01
3.442670e+01
3.693558e+01
3.839675e+01
6.198121e+01
7.097764e+01
6.897672e+01
6.673317e+01
6.199584e+01
4.888197e+01
3.260088e+01
2.942025e+01
2.879575e+01
2.819134e+01
2.705441e+01
2.516042e+01
2.543767e+01
2.502329e+01
2.326971e+01
2.144029e+01
2.059982e+01
2.015027e+01
1.985391e+01
1.970724e+01
1.929353e+01
1.866216e+01
1.787869e+01
1.804000e+01
1.761379e+01
1.706949e+01
1.679452e+01
1.620236e+01
1.532761e+01
1.476197e+01
1.519206e+01
1.489950e+01
1.422211e+01
1.362715e+01
1.383045e+01
1.371354e+01
1.348494e+01
1.315995e+01
1.273089e+01
1.254545e+01
1.231169e+01
1.199176e+01
1.177738e+01
1.167358e+01
1.145180e+01
1.121259e+01
1.094192e+01
1.066052e+01
1.036245e+01
1.015604e+01
1.020420e+01
9.756960e+00
9.648011e+00
9.648443e+00
9.196171e+00
8.982709e+00
8.826425e+00
8.697157e+00
8.567888e+00
8.416534e+00
8.215745e+00
8.014955e+00
7.814166e+00
7.613375e+00
7.216757e+00
6.292490e+00
6.468056e+00
6.777689e+00
7.020691e+00
6.970397e+00
6.540423e+00
6.243439e+00
6.125028e+00
6.200438e+00
4.636904e+00
4.229649e+00
4.840874e+00
5.763229e+00
5.955645e+00
5.445333e+00
4.703218e+00
4.790823e+00
4.579267e+00
4.444686e+00
4.412806e+00
4.434566e+00
4.456325e+00
4.478084e+00
4.321839e+00
4.142878e+00
4.007664e+00
3.888997e+00
3.770329e+00
3.647457e+00
3.499216e+00
3.350976e+00
3.202735e+00
3.058931e+00
2.919241e+00
2.779551e+00
2.645618e+00
2.525867e+00
2.406114e+00
2.286362e+00
2.166610e+00
2.051038e+00
1.937400e+00
1.823763e+00
1.710126e+00
1.596489e+00
1.485117e+00
1.374918e+00
1.264719e+00
1.154519e+00
1.044278e+00
9.338108e-01
8.233426e-01
7.128750e-01
6.024073e-01
4.943684e-01
3.883748e-01
2.823816e-01
1.763878e-01
7.039451e-02
-3.719174e-02
-1.500952e-01
-2.629984e-01
-3.759021e-01
-4.888054e-01
-6.000650e-01
-7.048181e-01
-8.095717e-01
-9.143255e-01
-1.019079e+00
-1.123846e+00
-1.231782e+00
-1.339718e+00
-1.447655e+00
-1.555591e+00
-1.663527e+00
-1.764953e+00
-1.865530e+00
-1.966108e+00
-2.066686e+00
-2.167263e+00
-2.270316e+00
-2.373900e+00
-2.477486e+00
-2.581071e+00
-2.684656e+00
-2.793063e+00
-2.916905e+00
-3.040747e+00
-3.164589e+00
-3.288431e+00
-3.391503e+00
-3.491632e+00
-3.591763e+00
-3.691893e+00
-3.792022e+00
-3.898378e+00
-4.005609e+00
-4.112841e+00
-4.220072e+00
-4.327303e+00
-4.429848e+00
-4.529975e+00
-4.630100e+00
-4.730227e+00
-4.830352e+00
-4.949419e+00
-5.087267e+00
-5.225116e+00
-5.362965e+00
-5.500813e+00
-5.638662e+00
-5.750520e+00
-5.794901e+00
-5.939753e+00
-6.090733e+00
-6.145932e+00
-6.193049e+00
-6.240166e+00
-6.287284e+00
-6.331284e+00
-6.316213e+00
-6.734388e+00
-7.009063e+00
-6.779727e+00
-6.995673e+00
-7.211619e+00
-7.432487e+00
-7.711047e+00
-7.733759e+00
-7.667994e+00
-7.890759e+00
-8.117736e+00
-8.265683e+00
-8.415010e+00
-8.565900e+00
-8.716790e+00
-8.867680e+00
-8.912265e+00
-9.117277e+00
-9.409824e+00
-9.219147e+00
-9.239025e+00
-9.302625e+00
-9.666347e+00
-1.021759e+01
-1.053749e+01
-1.035871e+01
-1.056110e+01
-1.117460e+01
-1.159729e+01
-1.129774e+01
-1.129877e+01
-1.136034e+01
-1.152271e+01
-1.168507e+01
-1.185822e+01
-1.225693e+01
-1.325701e+01
-1.281476e+01
-1.294337e+01
-1.335377e+01
-1.322166e+01
-1.357847e+01
-1.375513e+01
-1.385584e+01
-1.430874e+01
-1.482087e+01
-1.563039e+01
-1.644217e+01
-1.637074e+01
-1.680875e+01
-1.687580e+01
-1.680280e+01
-1.764622e+01
-1.746497e+01
-1.752275e+01
-1.789266e+01
-1.788941e+01
-2.049564e+01
-2.234878e+01
-2.289160e+01
-2.304196e+01
-2.419775e+01
-2.498208e+01
-2.605679e+01
-3.163153e+01
-3.114948e+01
-3.272120e+01
-3.751305e+01
-4.104446e+01
-4.207948e+01
-3.835817e+01
-3.093836e+01
-2.801815e+01
-2.611806e+01
-2.429887e+01
-2.247615e+01
-2.165032e+01
-2.035604e+01
-1.901693e+01
-1.772656e+01
-1.626107e+01
-1.555864e+01
-1.520854e+01
-1.485486e+01
-1.321505e+01
-1.316665e+01
-1.273652e+01
-1.142847e+01
-1.066845e+01
-1.015947e+01
-9.523870e+00
-8.675316e+00
-8.427122e+00
-7.916999e+00
-7.349184e+00
-6.803596e+00
-5.862966e+00
-5.022032e+00
-4.469001e+00
-4.290439e+00
-3.072606e+00
-2.516568e+00
-1.990530e+00
-9.241743e-01
-3.575574e-01
3.632345e-01
1.231263e+00
2.246149e+00
2.961560e+00
4.098686e+00
5.283988e+00
5.768891e+00
6.999794e+00
7.966619e+00
8.794316e+00
1.008481e+01
1.275821e+01
1.669307e+01
2.074211e+01
2.069896e+01
2.292855e+01
2.383572e+01
2.201690e+01
1.516114e+01
9.663473e+00
7.457054e+00
8.775010e+00
8.046380e+00
5.838807e+00
4.612368e+00
5.361570e+00
3.752831e+00
2.681225e+00
2.011755e+00
1.608166e+00
2.736906e-01
-2.415794e-01
-5.895308e-01
-1.289754e+00
-4.573476e+00
-4.503443e+00
-4.090121e+00
-5.886157e+00
-8.738216e+00
-1.021020e+01
-6.940954e+00
4.091897e+00
1.258602e+01
1.545898e+01
1.338561e+01
6.728329e+00
4.450824e+00
2.931043e+00
1.930377e+00
1.243656e+00
8.676069e-01
4.473489e-01
2.718394e-03
-4.167737e-01
-4.128139e-01
-9.732569e-01
-1.583156e+00
-1.301085e+00
-1.682492e+00
-2.204444e+00
-2.657252e+00
-2.719541e+00
-2.792015e+00
-2.871044e+00
-2.978141e+00
-3.158613e+00
-3.724753e+00
-3.783878e+00
-3.610188e+00
-3.971600e+00
-4.022470e+00
-4.098665e+00
-4.171360e+00
-4.087653e+00
-4.193900e+00
-3.915510e+00
-3.642527e+00
-4.468102e+00
-4.797468e+00
-4.924931e+00
-5.042307e+00
-5.524798e+00
-5.751046e+00
-5.855479e+00
-5.878598e+00
-5.869578e+00
-5.614946e+00
-5.685747e+00
-6.140720e+00
-6.904499e+00
-6.776892e+00
-6.290846e+00
-5.897560e+00
-6.661970e+00
-7.455750e+00
-7.389193e+00
-6.715708e+00
-6.726763e+00
-6.452114e+00
-6.873346e+00
-7.758905e+00
-7.702027e+00
-7.898535e+00
-7.886614e+00
-7.657032e+00
-7.518802e+00
-7.419501e+00
-8.343416e+00
-9.721285e+00
-8.581820e+00
-7.496928e+00
-7.444907e+00
-8.205985e+00
-7.961584e+00
-7.931909e+00
-7.977797e+00
-8.056153e+00
-8.134510e+00
-8.209661e+00
-8.267539e+00
-8.325417e+00
-8.383293e+00
-8.441170e+00
-8.499047e+00
-8.556925e+00
-8.614801e+00
-8.672679e+00
-8.715998e+00
-8.755885e+00
-8.795773e+00
-8.835659e+00
-8.875546e+00
-8.915434e+00
-8.955320e+00
-8.995209e+00
-9.035095e+00
-9.074983e+00
-9.100846e+00
-9.126307e+00
-9.151767e+00
-9.177227e+00
-9.238310e+00
-9.308664e+00
-9.379018e+00
-9.449373e+00
-9.519728e+00
-9.590082e+00
-9.660570e+00
-9.739010e+00
-9.817450e+00
-9.895889e+00
-9.974329e+00
-1.001030e+01
-1.002678e+01
-1.008610e+01
-1.017780e+01
-1.028332e+01
-1.038884e+01
-1.059735e+01
-1.098665e+01
-1.132511e+01
-1.140115e+01
-1.119230e+01
-1.128726e+01
-1.134507e+01
-1.133558e+01
-1.132608e+01
-1.136331e+01
-1.158409e+01
-1.180487e+01
-1.202565e+01
-1.224643e+01
-1.246721e+01
-1.234210e+01
-1.217379e+01
-1.217931e+01
-1.218484e+01
-1.200317e+01
-1.202741e+01
-1.217231e+01
-1.228011e+01
-1.238791e+01
-1.249571e+01
-1.229712e+01
-1.224913e+01
-1.234267e+01
-1.243621e+01
-1.241846e+01
-1.232622e+01
-1.233924e+01
-1.235227e+01
-1.236529e+01
-1.251374e+01
-1.268546e+01
-1.285718e+01
-1.302890e+01
-1.320062e+01
-1.337234e+01
-1.330517e+01
-1.310069e+01
-1.283862e+01
-1.285295e+01
-1.288050e+01
-1.292418e+01
-1.296785e+01
-1.301153e+01
-1.344103e+01
-1.419689e+01
-1.354582e+01
-1.359635e+01
-1.364627e+01
-1.346067e+01
-1.364969e+01
-1.383871e+01
-1.400395e+01
-1.385939e+01
-1.386864e+01
-1.396284e+01
-1.418793e+01
-1.441302e+01
-1.463812e+01
-1.448050e+01
-1.404019e+01
-1.415833e+01
-1.409069e+01
-1.398452e+01
-1.406022e+01
-1.413592e+01
-1.421162e+01
-1.428732e+01
-1.435233e+01
-1.440462e+01
-1.445691e+01
-1.450921e+01
-1.456150e+01
-1.461380e+01
-1.466609e+01
-1.471838e+01
-1.477068e+01
-1.483502e+01
-1.495611e+01
-1.507719e+01
-1.519827e+01
-1.531936e+01
-1.544044e+01
-1.556152e+01
-1.568260e+01
-1.522038e+01
-1.466748e+01
-1.469273e+01
-1.438576e+01
-1.473156e+01
-1.528997e+01
-1.532138e+01
-1.532109e+01
-1.531894e+01
-1.531680e+01
-1.533331e+01
-1.536195e+01
-1.539059e+01
-1.541923e+01
-1.544788e+01
-1.547652e+01
-1.550516e+01
-1.553380e+01
-1.555159e+01
-1.553824e+01
-1.552490e+01
-1.551155e+01
-1.549821e+01
-1.548487e+01
-1.547152e+01
-1.545818e+01
-1.544516e+01
-1.548636e+01
-1.552757e+01
-1.556877e+01
-1.560998e+01
-1.565118e+01
-1.569239e+01
-1.573359e+01
-1.577479e+01
-1.606491e+01
-1.645609e+01
-1.681482e+01
-1.634752e+01
-1.631508e+01
-1.641334e+01
-1.647159e+01
-1.668693e+01
-1.700975e+01
-1.708758e+01
-1.673033e+01
-1.678179e+01
-1.670727e+01
-1.677650e+01
-1.716386e+01
-1.694548e+01
-1.688710e+01
-1.703498e+01
-1.700527e+01
-1.697557e+01
-1.694587e+01
-1.635925e+01
