8.237741e+00
5.497207e+00
3.707111e+00
2.529674e+00
1.894350e+00
1.259026e+00
6.237016e-01
1.440006e-01
-1.960327e-01
-5.360661e-01
-8.760995e-01
-1.216133e+00
-1.556166e+00
-1.896200e+00
-2.219059e+00
-2.468386e+00
-2.717715e+00
-2.967042e+00
-3.216370e+00
-3.465698e+00
-3.715026e+00
-3.964355e+00
-4.213682e+00
-4.463010e+00
-4.712338e+00
-4.961666e+00
-5.210994e+00
-5.460322e+00
-5.677154e+00
-5.892714e+00
-6.108273e+00
-6.323833e+00
-6.539393e+00
-6.754953e+00
-6.970513e+00
-7.186072e+00
-7.401632e+00
-7.617192e+00
-7.832752e+00
-8.048311e+00
-8.263871e+00
-8.479431e+00
-8.694991e+00
-8.910551e+00
-9.124373e+00
-9.338029e+00
-9.551682e+00
-9.765337e+00
-9.978992e+00
-1.019265e+01
-1.040630e+01
-1.061996e+01
-1.083361e+01
-1.104727e+01
-1.126092e+01
-1.147458e+01
-1.168823e+01
-1.190188e+01
-1.211554e+01
-1.232919e+01
-1.254403e+01
-1.275943e+01
-1.297483e+01
-1.319023e+01
-1.340563e+01
-1.362104e+01
-1.383644e+01
-1.405184e+01
-1.426724e+01
-1.448265e+01
-1.469805e+01
-1.491345e+01
-1.512885e+01
-1.534426e+01
-1.555789e+01
-1.575356e+01
-1.594923e+01
-1.614489e+01
-1.634056e+01
-1.653623e+01
-1.673189e+01
-1.692756e+01
-1.712322e+01
-1.731889e+01
-1.751456e+01
-1.771022e+01
-1.790589e+01
-1.810777e+01
-1.831675e+01
-1.852574e+01
-1.873472e+01
-1.894370e+01
-1.915269e+01
-1.936167e+01
-1.957065e+01
-1.977964e+01
-1.998862e+01
-2.019761e+01
-2.040659e+01
-2.061885e+01
-2.087259e+01
-2.112633e+01
-2.138007e+01
-2.163382e+01
-2.188756e+01
-2.214130e+01
-2.239505e+01
-2.264879e+01
-2.290253e+01
-2.315627e+01
-2.328655e+01
-2.331362e+01
-2.334069e+01
-2.336777e+01
-2.339484e+01
-2.342191e+01
-2.344898e+01
-2.347606e+01
-2.350313e+01
-2.353020e+01
-2.355727e+01
-2.358434e+01
-2.376451e+01
-2.476742e+01
-2.577033e+01
-2.677325e+01
-2.777617e+01
-2.877908e+01
-2.978199e+01
-3.078491e+01
-3.178782e+01
-3.279073e+01
-3.379365e+01
-3.479656e+01
-3.579948e+01
-3.680239e+01
-3.780531e+01
-3.880822e+01
-3.981114e+01
-3.619122e+01
-2.969372e+01
-2.491111e+01
-3.226390e+01
-3.224114e+01
-3.256593e+01
-3.330399e+01
-3.045333e+01
-3.017785e+01
-3.035106e+01
-3.046604e+01
-3.058102e+01
-3.070096e+01
-3.085690e+01
-3.101285e+01
-3.116879e+01
-3.132473e+01
-3.149302e+01
-3.168796e+01
-3.188289e+01
-3.207782e+01
-3.230521e+01
-3.254449e+01
-3.278376e+01
-3.302303e+01
-3.361588e+01
-3.422094e+01
-3.482600e+01
-3.500037e+01
-3.500151e+01
-3.500266e+01
-3.511832e+01
-3.543903e+01
-3.575974e+01
-3.606556e+01
-3.635182e+01
-3.663808e+01
-3.682423e+01
-3.695798e+01
-3.701002e+01
-3.688350e+01
-3.675697e+01
-3.731197e+01
-3.788305e+01
-3.842616e+01
-3.836964e+01
-3.896124e+01
-4.308158e+01
-3.760651e+01
-3.582641e+01
-3.983762e+01
-4.039180e+01
-4.139294e+01
-4.439165e+01
-4.981952e+01
-5.524737e+01
-5.899775e+01
-3.961651e+01
-3.385220e+01
-3.160916e+01
-2.779023e+01
-4.333716e+01
-4.696931e+01
-4.726411e+01
-5.143800e+01
-3.806381e+01
-3.982120e+01
-5.013701e+01
-6.134710e+01
-3.959314e+01
-3.445016e+01
-1.850077e+01
-1.085e+02
-1.5e+02
-2.0e+02
1.184152e+02
1.253681e+02
1.377430e+02
1.457860e+02
1.465925e+02
1.350770e+02
1.362553e+02
1.363808e+02
1.332593e+02
1.315104e+02
1.340011e+02
1.344454e+02
1.319740e+02
1.362422e+02
1.345535e+02
1.340085e+02
1.373193e+02
1.342440e+02
1.333067e+02
1.336784e+02
1.348633e+02
1.366449e+02
1.356157e+02
1.338287e+02
1.332230e+02
1.337065e+02
1.342089e+02
1.290474e+02
1.277229e+02
1.300456e+02
1.304300e+02
1.307964e+02
1.304051e+02
1.293392e+02
1.289456e+02
1.291766e+02
1.295682e+02
1.291828e+02
1.283220e+02
1.280974e+02
1.289772e+02
1.295887e+02
1.283990e+02
1.268520e+02
1.269634e+02
1.265853e+02
1.261806e+02
1.257760e+02
1.257884e+02
1.262338e+02
1.268314e+02
1.261606e+02
1.246351e+02
1.237230e+02
1.238723e+02
1.249923e+02
1.238366e+02
1.233728e+02
1.238603e+02
1.211918e+02
1.251074e+02
1.247484e+02
1.187099e+02
1.218859e+02
1.205560e+02
1.198862e+02
1.215253e+02
1.227991e+02
1.240730e+02
1.235888e+02
1.183245e+02
1.210883e+02
1.237570e+02
1.245461e+02
1.213127e+02
1.221626e+02
1.236773e+02
1.237997e+02
1.191778e+02
1.180932e+02
1.201495e+02
1.243185e+02
1.284875e+02
1.202125e+02
1.157845e+02
1.195001e+02
1.165178e+02
1.120289e+02
1.115871e+02
1.163992e+02
1.108963e+02
1.153284e+02
1.176344e+02
1.116894e+02
1.094998e+02
1.193647e+02
1.235902e+02
1.117730e+02
1.128627e+02
1.120668e+02
1.151126e+02
1.252056e+02
1.216095e+02
1.157314e+02
1.113328e+02
1.113540e+02
1.190571e+02
1.159215e+02
1.120729e+02
1.151375e+02
1.167067e+02
1.159400e+02
1.153847e+02
1.169779e+02
1.132838e+02
1.129864e+02
1.121086e+02
1.072876e+02
1.051685e+02
1.065480e+02
1.094162e+02
1.119326e+02
1.105868e+02
1.122899e+02
1.126833e+02
1.075598e+02
1.112021e+02
1.117205e+02
1.106863e+02
1.096774e+02
1.111319e+02
1.094518e+02
1.072172e+02
1.072282e+02
1.088525e+02
1.086571e+02
1.082555e+02
1.095334e+02
1.094311e+02
1.083005e+02
1.071957e+02
1.073765e+02
1.073537e+02
1.071193e+02
1.068671e+02
1.068423e+02
1.068176e+02
1.067928e+02
1.065110e+02
1.062195e+02
1.059280e+02
1.056366e+02
1.053451e+02
1.052794e+02
1.052932e+02
1.053070e+02
1.053207e+02
1.053345e+02
1.054045e+02
1.055170e+02
1.056295e+02
1.057420e+02
1.058545e+02
1.056810e+02
1.024782e+02
1.028763e+02
1.035917e+02
1.029982e+02
1.022606e+02
1.026209e+02
1.024516e+02
1.010079e+02
1.017057e+02
1.020001e+02
1.017646e+02
1.015291e+02
1.012936e+02
1.010216e+02
1.006843e+02
1.003470e+02
1.000097e+02
9.967241e+01
9.933511e+01
9.898663e+01
1.010435e+02
9.950877e+01
9.719080e+01
9.710110e+01
9.726066e+01
9.742606e+01
9.659590e+01
9.528487e+01
9.397385e+01
9.648949e+01
9.821900e+01
9.855304e+01
9.916499e+01
9.977695e+01
9.758382e+01
9.588045e+01
9.528419e+01
9.475010e+01
9.624023e+01
9.655128e+01
9.482344e+01
9.308944e+01
9.326920e+01
9.537999e+01
9.293274e+01
9.240448e+01
9.284705e+01
9.370327e+01
9.349929e+01
9.329531e+01
9.309133e+01
9.276883e+01
9.180462e+01
9.003367e+01
9.159749e+01
9.169218e+01
9.170204e+01
9.256878e+01
9.334024e+01
9.106547e+01
8.858525e+01
8.994147e+01
9.349981e+01
9.303138e+01
9.148563e+01
9.349089e+01
9.034255e+01
8.627783e+01
8.361237e+01
8.559209e+01
8.399065e+01
9.967252e+01
1.108334e+02
8.008231e+01
8.446675e+01
8.856448e+01
9.008968e+01
8.930048e+01
8.953157e+01
8.657541e+01
8.569224e+01
9.702255e+01
8.515647e+01
7.870362e+01
7.486261e+01
6.366719e+01
6.400697e+01
6.486098e+01
6.401908e+01
5.913659e+01
-2.804502e+01
-6.424031e+01
-6.741029e+01
-1.039220e+02
-9.771418e+01
-9.316072e+01
-9.389335e+01
-9.661617e+01
-9.403801e+01
-9.410471e+01
-9.749898e+01
-1.036116e+02
-1.014576e+02
-1.004415e+02
-1.006784e+02
-9.925718e+01
-9.982090e+01
-9.799076e+01
-9.534536e+01
-9.774530e+01
-9.825206e+01
-9.767070e+01
-9.706215e+01
-9.924816e+01
-1.006521e+02
-1.010692e+02
-1.007236e+02
-1.006336e+02
-9.999671e+01
-1.012291e+02
-1.038456e+02
-1.013354e+02
-1.021142e+02
-1.033692e+02
-1.037586e+02
-1.012733e+02
-1.028003e+02
-1.039777e+02
-1.025023e+02
-1.035085e+02
-1.044522e+02
-1.040483e+02
-1.012068e+02
-1.070542e+02
-1.073894e+02
-1.080202e+02
-1.158291e+02
-1.248628e+02
-1.162067e+02
-1.038054e+02
-1.117848e+02
-1.052576e+02
-9.805016e+01
-9.557664e+01
-1.078650e+02
1.598942e+02
1.173821e+02
1.217581e+02
9.602644e+01
7.622220e+01
7.061090e+01
7.727740e+01
7.611182e+01
7.472021e+01
7.537010e+01
7.739892e+01
7.326936e+01
7.349393e+01
7.236492e+01
6.805299e+01
6.481391e+01
6.906091e+01
7.038665e+01
7.455910e+01
8.334757e+01
9.407732e+01
7.570142e+01
1.027196e+02
-1.693060e+02
-1.211922e+02
-1.609930e+02
1.179465e+02
2.755356e+01
6.962753e+01
8.417949e+01
8.059428e+01
6.491374e+01
6.495908e+01
7.137835e+01
7.342152e+01
6.462594e+01
6.309063e+01
6.593021e+01
6.808356e+01
6.613995e+01
6.492132e+01
6.411214e+01
6.413803e+01
6.520134e+01
6.325542e+01
6.801057e+01
7.022473e+01
6.300662e+01
6.397585e+01
6.677962e+01
6.588763e+01
5.700965e+01
6.054650e+01
6.289793e+01
6.656277e+01
7.349835e+01
6.280545e+01
5.840415e+01
5.807724e+01
5.981338e+01
6.120505e+01
6.286142e+01
6.328727e+01
6.100409e+01
6.079326e+01
6.067994e+01
6.084227e+01
6.100459e+01
6.105049e+01
6.103315e+01
6.101582e+01
6.099849e+01
6.098115e+01
6.096382e+01
6.091499e+01
6.062313e+01
6.033126e+01
6.003940e+01
5.974753e+01
5.927891e+01
5.875431e+01
5.822971e+01
5.770511e+01
5.718052e+01
5.672204e+01
5.665057e+01
5.657909e+01
5.650761e+01
5.646924e+01
5.658908e+01
5.670893e+01
5.682877e+01
5.694861e+01
5.690128e+01
5.642289e+01
5.594450e+01
5.546611e+01
5.498772e+01
5.453699e+01
5.414446e+01
5.375191e+01
5.335938e+01
5.296684e+01
5.239034e+01
5.145668e+01
5.052303e+01
4.958937e+01
4.879907e+01
5.084060e+01
5.168320e+01
5.204231e+01
5.202766e+01
5.174102e+01
5.145436e+01
5.116771e+01
5.088106e+01
5.073276e+01
5.101263e+01
5.129250e+01
5.157238e+01
5.185225e+01
5.213212e+01
5.241199e+01
5.249085e+01
5.184583e+01
5.120080e+01
5.055577e+01
4.991074e+01
4.933168e+01
4.903036e+01
4.872904e+01
4.842772e+01
4.812639e+01
4.782507e+01
4.752375e+01
4.889283e+01
4.916261e+01
4.846527e+01
4.776793e+01
4.715571e+01
4.658874e+01
4.602177e+01
4.545481e+01
4.488784e+01
4.432087e+01
4.375390e+01
4.531316e+01
4.460020e+01
4.103556e+01
4.405187e+01
4.486026e+01
4.480062e+01
4.445287e+01
4.410512e+01
4.376358e+01
4.352675e+01
4.328992e+01
4.305309e+01
4.281626e+01
4.257943e+01
4.234260e+01
4.210577e+01
4.106240e+01
4.231595e+01
4.754760e+01
4.527094e+01
4.441038e+01
4.413689e+01
4.299775e+01
4.115649e+01
4.002356e+01
4.250357e+01
4.184455e+01
4.112860e+01
4.110851e+01
4.108841e+01
4.106832e+01
4.100830e+01
4.077894e+01
4.054958e+01
4.032021e+01
4.009084e+01
3.986148e+01
3.963211e+01
3.940275e+01
3.917338e+01
3.894402e+01
3.871465e+01
3.827660e+01
3.783477e+01
3.739293e+01
3.695109e+01
3.650926e+01
3.606742e+01
3.562559e+01
3.518375e+01
3.474192e+01
3.430008e+01
3.389287e+01
3.540949e+01
3.448432e+01
3.375702e+01
3.568244e+01
3.568321e+01
3.563295e+01
3.533871e+01
3.504447e+01
3.475023e+01
3.446500e+01
3.418874e+01
3.391247e+01
3.363620e+01
3.335993e+01
3.302074e+01
3.268067e+01
3.234060e+01
3.200053e+01
3.166191e+01
3.144431e+01
3.122671e+01
3.100910e+01
3.079150e+01
3.057390e+01
3.035630e+01
2.977444e+01
2.877446e+01
2.865982e+01
3.418267e+01
3.270795e+01
3.177070e+01
3.224990e+01
3.088567e+01
3.060176e+01
3.054840e+01
3.049504e+01
3.031140e+01
2.997254e+01
2.963368e+01
2.929483e+01
2.895597e+01
2.861711e+01
2.827826e+01
2.793940e+01
2.760990e+01
2.752507e+01
2.744024e+01
2.735541e+01
2.727058e+01
2.718576e+01
2.710093e+01
2.701610e+01
2.693127e+01
2.684644e+01
2.676161e+01
2.667678e+01
2.659195e+01
2.642481e+01
2.601776e+01
2.435248e+01
2.440882e+01
2.467252e+01
2.444865e+01
2.422478e+01
2.401869e+01
2.420300e+01
2.495642e+01
2.530086e+01
2.450812e+01
2.233934e+01
2.018700e+01
2.165264e+01
1.970792e+01
1.786184e+01
1.960235e+01
1.432386e+01
1.977551e+01
2.576596e+01
2.159138e+01
