8.284534e+00
3.564058e+00
1.701763e+00
7.511261e-01
-1.995113e-01
-9.753644e-01
-1.570191e+00
-2.165018e+00
-2.759845e+00
-3.354672e+00
-3.857880e+00
-4.312450e+00
-4.767020e+00
-5.221590e+00
-5.676160e+00
-6.130730e+00
-6.585300e+00
-7.025975e+00
-7.456040e+00
-7.886105e+00
-8.316171e+00
-8.746236e+00
-9.176300e+00
-9.606366e+00
-1.003643e+01
-1.043910e+01
-1.083202e+01
-1.122495e+01
-1.161788e+01
-1.201080e+01
-1.240373e+01
-1.279666e+01
-1.329585e+01
-1.379983e+01
-1.430380e+01
-1.480777e+01
-1.531175e+01
-1.570981e+01
-1.603705e+01
-1.636429e+01
-1.669152e+01
-1.701876e+01
-1.749533e+01
-1.798495e+01
-1.847457e+01
-1.896293e+01
-1.931322e+01
-1.966351e+01
-2.001379e+01
-2.045535e+01
-2.094529e+01
-2.143523e+01
-2.167925e+01
-2.191243e+01
-2.279735e+01
-2.385031e+01
-2.415501e+01
-2.433034e+01
-3.399094e+01
-3.059291e+01
-1.114191e+01
-3.008599e+01
-4.292978e+01
-8.412505e+01
-1.504451e+02
1.229703e+02
-1.877213e+00
-2.680978e+01
-2.777912e+01
-3.747449e+01
-2.813303e+01
-2.930076e+01
-3.018620e+01
-3.082157e+01
-3.108011e+01
-3.127408e+01
-3.181076e+01
-3.186500e+01
-3.163658e+01
-3.262621e+01
-3.324831e+01
-3.305895e+01
-3.396075e+01
-3.496251e+01
-3.549703e+01
-3.533651e+01
-3.541240e+01
-3.602180e+01
-3.740646e+01
-3.753189e+01
-4.040616e+01
-3.481407e+01
-4.235884e+01
-3.943017e+01
-3.820420e+01
-3.019312e+01
-3.611097e+01
-4.628095e+01
-3.436227e+01
-1.027641e+02
1.241547e+02
1.030304e+02
1.130304e+02
1.230304e+02
1.250644e+02
1.625151e+02
1.319015e+02
1.353319e+02
1.463164e+02
1.421091e+02
1.388265e+02
1.335120e+02
1.323703e+02
1.352059e+02
1.336138e+02
1.329403e+02
1.335811e+02
1.342850e+02
1.346894e+02
1.306663e+02
1.314928e+02
1.309317e+02
1.304341e+02
1.299396e+02
1.295755e+02
1.289306e+02
1.281449e+02
1.291133e+02
1.287400e+02
1.275705e+02
1.270887e+02
1.274286e+02
1.275102e+02
1.252464e+02
1.256808e+02
1.258164e+02
1.254643e+02
1.250535e+02
1.243069e+02
1.228338e+02
1.222054e+02
1.220098e+02
1.218390e+02
1.209030e+02
1.203483e+02
1.199890e+02
1.196423e+02
1.194740e+02
1.194778e+02
1.193611e+02
1.186487e+02
1.180362e+02
1.177366e+02
1.174371e+02
1.172039e+02
1.169708e+02
1.165075e+02
1.157922e+02
1.151278e+02
1.148039e+02
1.144801e+02
1.140687e+02
1.136287e+02
1.131984e+02
1.127911e+02
1.123838e+02
1.120586e+02
1.118303e+02
1.116020e+02
1.110547e+02
1.104589e+02
1.099791e+02
1.096894e+02
1.093984e+02
1.088412e+02
1.082841e+02
1.079596e+02
1.077791e+02
1.075985e+02
1.074300e+02
1.072960e+02
1.071621e+02
1.063552e+02
1.054296e+02
1.049906e+02
1.045600e+02
1.045678e+02
1.046187e+02
1.043617e+02
1.040283e+02
1.038094e+02
1.036626e+02
1.032274e+02
1.024429e+02
1.014130e+02
1.004602e+02
1.001635e+02
9.986670e+01
9.921989e+01
9.847200e+01
9.824630e+01
9.866280e+01
9.950923e+01
9.929891e+01
9.882520e+01
9.549379e+01
9.707935e+01
9.631367e+01
9.537811e+01
9.550210e+01
9.790812e+01
9.822053e+01
9.480706e+01
9.166135e+01
9.044971e+01
9.290815e+01
9.446472e+01
9.237842e+01
9.011951e+01
9.035920e+01
9.265499e+01
9.046880e+01
8.892809e+01
9.156687e+01
8.758549e+01
8.510994e+01
8.281581e+01
1.020163e+02
1.691669e+02
-1.209803e+02
-1.073072e+02
-9.403271e+01
-9.074998e+01
-9.124039e+01
-9.501873e+01
-9.403562e+01
-9.409655e+01
-9.902115e+01
-9.746867e+01
-9.990445e+01
-9.769487e+01
-9.783447e+01
-1.009836e+02
-9.739235e+01
-9.723611e+01
-9.999746e+01
-1.050368e+02
-1.112354e+02
-1.127891e+02
-1.161637e+02
-9.909498e+01
-1.023176e+02
1.789068e+02
1.270992e+02
1.259960e+02
6.060369e+01
7.235557e+01
7.870289e+01
7.820082e+01
7.683048e+01
7.258880e+01
7.250662e+01
7.351740e+01
7.406523e+01
7.002358e+01
7.561121e+01
7.664974e+01
6.909250e+01
7.651464e+01
1.369559e+02
-1.796945e+02
9.357785e+01
9.780322e+01
7.089030e+01
7.277536e+01
6.292014e+01
7.290711e+01
7.480674e+01
7.028748e+01
6.728323e+01
6.615600e+01
6.512943e+01
6.618948e+01
6.720163e+01
6.540900e+01
6.211854e+01
6.056834e+01
6.408827e+01
6.147215e+01
6.132916e+01
6.345297e+01
6.590825e+01
5.981362e+01
6.301223e+01
6.233709e+01
6.255368e+01
6.232658e+01
5.405843e+01
5.167254e+01
5.991368e+01
6.019423e+01
5.657245e+01
5.862025e+01
5.908096e+01
5.798138e+01
6.191041e+01
6.171991e+01
5.712429e+01
5.639512e+01
5.715302e+01
5.226259e+01
5.170523e+01
5.622582e+01
5.131023e+01
4.697617e+01
5.109208e+01
5.571441e+01
5.111127e+01
5.379046e+01
5.242011e+01
5.077019e+01
4.988258e+01
4.894721e+01
4.777558e+01
4.660394e+01
4.543230e+01
4.406614e+01
4.337963e+01
4.319942e+01
4.304144e+01
4.296027e+01
4.314513e+01
4.362260e+01
4.410007e+01
4.364072e+01
4.307910e+01
4.251748e+01
4.197732e+01
4.207601e+01
4.217471e+01
4.227340e+01
4.237209e+01
4.247078e+01
4.256947e+01
4.236788e+01
4.203740e+01
4.170691e+01
4.137642e+01
4.104594e+01
4.071545e+01
4.038497e+01
4.005449e+01
4.084111e+01
4.137713e+01
3.785171e+01
4.129542e+01
3.607224e+01
3.881829e+01
3.599191e+01
3.613255e+01
3.507211e+01
3.488622e+01
3.483936e+01
3.479507e+01
3.506880e+01
3.550871e+01
3.536762e+01
3.497351e+01
3.276359e+01
3.340651e+01
3.329824e+01
3.316806e+01
3.281222e+01
3.149724e+01
3.018226e+01
2.886728e+01
2.922266e+01
3.083332e+01
3.144187e+01
3.037083e+01
2.924727e+01
2.944431e+01
2.624646e+01
2.631705e+01
2.678358e+01
2.731377e+01
2.784396e+01
2.760315e+01
2.725314e+01
2.690312e+01
2.655311e+01
2.572301e+01
2.456290e+01
2.340280e+01
2.224269e+01
2.108258e+01
2.187383e+01
2.209906e+01
2.149653e+01
2.095408e+01
2.073438e+01
