4.997684e+00
5.060691e+00
5.091206e+00
5.104125e+00
5.112206e+00
5.120287e+00
5.128368e+00
5.135195e+00
5.140894e+00
5.146593e+00
5.152292e+00
5.157992e+00
5.163691e+00
5.169391e+00
5.175733e+00
5.184830e+00
5.193926e+00
5.203022e+00
5.212118e+00
5.221215e+00
5.230311e+00
5.239408e+00
5.248504e+00
5.257600e+00
5.266696e+00
5.275793e+00
5.284889e+00
5.293985e+00
5.306664e+00
5.319484e+00
5.332303e+00
5.345122e+00
5.357942e+00
5.370761e+00
5.383580e+00
5.396399e+00
5.409219e+00
5.422038e+00
5.434857e+00
5.447677e+00
5.460495e+00
5.473315e+00
5.486135e+00
5.498953e+00
5.516858e+00
5.535254e+00
5.553652e+00
5.572049e+00
5.590446e+00
5.608842e+00
5.627239e+00
5.645637e+00
5.664033e+00
5.682430e+00
5.700827e+00
5.719224e+00
5.737621e+00
5.756019e+00
5.774415e+00
5.792812e+00
5.816765e+00
5.843409e+00
5.870052e+00
5.896695e+00
5.923338e+00
5.949982e+00
5.976624e+00
6.003268e+00
6.029911e+00
6.056554e+00
6.083198e+00
6.109840e+00
6.136484e+00
6.163127e+00
6.190433e+00
6.224493e+00
6.258553e+00
6.292613e+00
6.326673e+00
6.360733e+00
6.394793e+00
6.428852e+00
6.462913e+00
6.496973e+00
6.531032e+00
6.565093e+00
6.599152e+00
6.634140e+00
6.670190e+00
6.706240e+00
6.742289e+00
6.778338e+00
6.814388e+00
6.850437e+00
6.886487e+00
6.922536e+00
6.958586e+00
6.994635e+00
7.030684e+00
7.066450e+00
7.098626e+00
7.130801e+00
7.162977e+00
7.195152e+00
7.227327e+00
7.259502e+00
7.291678e+00
7.323853e+00
7.356029e+00
7.388204e+00
7.423928e+00
7.462618e+00
7.501307e+00
7.539998e+00
7.578688e+00
7.617378e+00
7.656067e+00
7.694757e+00
7.733448e+00
7.772137e+00
7.810827e+00
7.849517e+00
7.920197e+00
8.162805e+00
8.405411e+00
8.648018e+00
8.890624e+00
9.133231e+00
9.375838e+00
9.618444e+00
9.861051e+00
1.010366e+01
1.034626e+01
1.058887e+01
1.083148e+01
1.107408e+01
1.131669e+01
1.155930e+01
1.180190e+01
1.231171e+01
1.245867e+01
1.214604e+01
1.125562e+01
1.177163e+01
1.205210e+01
1.193610e+01
1.175663e+01
1.158189e+01
1.155804e+01
1.169085e+01
1.182366e+01
1.195034e+01
1.203262e+01
1.211491e+01
1.219720e+01
1.227948e+01
1.238161e+01
1.252655e+01
1.267150e+01
1.281644e+01
1.295261e+01
1.308557e+01
1.321853e+01
1.335149e+01
1.350915e+01
1.366766e+01
1.382618e+01
1.399953e+01
1.417884e+01
1.435815e+01
1.454566e+01
1.474786e+01
1.495005e+01
1.515279e+01
1.535625e+01
1.555970e+01
1.577580e+01
1.599851e+01
1.621241e+01
1.640702e+01
1.660163e+01
1.688705e+01
1.721245e+01
1.756166e+01
1.787991e+01
1.824285e+01
1.884239e+01
1.910410e+01
1.919864e+01
1.930615e+01
2.020030e+01
2.042470e+01
2.081551e+01
2.166343e+01
2.251136e+01
2.319875e+01
2.167248e+01
2.287552e+01
2.425285e+01
2.433706e+01
2.504612e+01
2.635748e+01
2.824809e+01
3.073954e+01
3.053644e+01
3.399487e+01
3.950646e+01
4.519331e+01
6.267729e+01
6.928542e+01
6.824887e+01
6.643301e+01
6.328490e+01
6.076112e+01
5.377164e+01
2.886596e+01
2.814456e+01
2.823063e+01
2.647302e+01
2.556302e+01
2.436103e+01
2.309202e+01
2.196164e+01
2.169986e+01
2.179897e+01
2.102241e+01
1.925637e+01
1.891385e+01
1.874299e+01
1.845119e+01
1.789549e+01
1.713074e+01
1.709555e+01
1.708781e+01
1.663294e+01
1.577546e+01
1.527911e+01
1.506110e+01
1.505864e+01
1.481736e+01
1.457194e+01
1.421384e+01
1.352087e+01
1.284876e+01
1.352100e+01
1.317238e+01
1.266357e+01
1.223625e+01
1.205464e+01
1.180610e+01
1.154036e+01
1.135897e+01
1.122919e+01
1.099422e+01
1.058433e+01
1.048234e+01
1.018876e+01
9.859327e+00
9.711414e+00
9.508852e+00
9.303317e+00
9.097783e+00
9.127861e+00
8.945288e+00
8.503897e+00
8.232574e+00
8.103171e+00
8.021906e+00
7.920046e+00
7.587827e+00
7.038626e+00
6.710531e+00
6.665488e+00
6.420289e+00
6.255913e+00
6.225695e+00
6.286724e+00
6.054774e+00
5.835347e+00
5.717075e+00
5.691747e+00
5.410415e+00
5.129083e+00
4.993398e+00
5.253724e+00
5.349203e+00
5.051163e+00
4.784426e+00
5.328504e+00
5.028689e+00
4.566728e+00
4.108569e+00
3.853657e+00
3.622885e+00
3.396551e+00
3.171958e+00
2.947366e+00
3.295107e+00
3.492505e+00
3.327176e+00
3.303953e+00
2.626956e+00
2.345181e+00
2.832067e+00
2.900406e+00
2.442693e+00
2.032357e+00
1.970032e+00
1.855435e+00
1.752651e+00
2.194588e+00
3.401761e+00
2.509525e+00
1.331647e+00
6.661230e-01
1.034420e+00
1.246548e+00
2.082436e-01
-5.238959e-01
1.444780e-01
4.593700e-01
6.552714e-01
5.635116e-01
7.253411e-02
1.289771e-01
-7.405952e-02
-2.724279e-01
-2.547340e-01
-2.882928e-01
-5.556928e-01
-9.078541e-01
-1.218265e+00
-1.556645e+00
-1.555285e+00
-1.227500e+00
-5.897371e-01
-8.886221e-01
-1.302269e+00
-1.408430e+00
-7.980559e-01
-1.407641e+00
-1.828673e+00
-2.073277e+00
-2.152867e+00
-2.100688e+00
-2.287524e+00
-2.474607e+00
-2.402348e+00
-2.670296e+00
-2.550083e+00
-2.530508e+00
-3.181745e+00
-2.516987e+00
-2.490098e+00
-2.822369e+00
-3.141435e+00
-3.086945e+00
-3.190735e+00
-3.358875e+00
-3.455874e+00
-3.552872e+00
-3.649869e+00
-3.750815e+00
-3.851908e+00
-3.953000e+00
-4.054093e+00
-4.155186e+00
-4.264462e+00
-4.376619e+00
-4.488777e+00
-4.600934e+00
-4.713092e+00
-4.817036e+00
-4.914769e+00
-5.012501e+00
-5.110233e+00
-5.207965e+00
-5.317105e+00
-5.547108e+00
-5.717725e+00
-5.872806e+00
-6.006063e+00
-5.755479e+00
-5.839442e+00
-6.082354e+00
-6.371825e+00
-6.519332e+00
-6.613914e+00
-6.638957e+00
-6.664000e+00
-6.689043e+00
-6.722622e+00
-6.771428e+00
-6.820234e+00
-6.869040e+00
-6.917846e+00
-6.966652e+00
-7.012749e+00
-7.640989e+00
-7.794650e+00
-7.828033e+00
-8.120843e+00
-8.093473e+00
-8.058596e+00
-8.147489e+00
-8.296163e+00
-8.444837e+00
-8.567724e+00
-8.771833e+00
-9.023961e+00
-9.092075e+00
-9.160191e+00
-9.313387e+00
-9.643182e+00
-1.002720e+01
-9.735488e+00
-9.907771e+00
-1.003334e+01
-9.958688e+00
-1.000410e+01
-1.013850e+01
-1.047774e+01
-1.161002e+01
-1.147739e+01
-1.119026e+01
-1.124249e+01
-1.169776e+01
-1.215302e+01
-1.260828e+01
-1.266014e+01
-1.248886e+01
-1.223504e+01
-1.241782e+01
-1.283703e+01
-1.331532e+01
-1.370192e+01
-1.336992e+01
-1.375207e+01
-1.428021e+01
-1.414469e+01
-1.468174e+01
-1.534008e+01
-1.585152e+01
-1.585894e+01
-1.672054e+01
-1.694708e+01
-1.679213e+01
-1.674684e+01
-1.829531e+01
-1.790704e+01
-1.730941e+01
-1.962435e+01
-1.812878e+01
-1.825540e+01
-1.938279e+01
-1.985486e+01
-2.078914e+01
-2.160078e+01
-2.255173e+01
-2.420283e+01
-2.517217e+01
-2.528500e+01
-2.592781e+01
-2.978233e+01
-3.018601e+01
-3.175980e+01
-3.478776e+01
-3.901364e+01
-3.596391e+01
-3.323066e+01
-3.162649e+01
-3.119859e+01
-2.810782e+01
-2.578590e+01
-2.425612e+01
-2.271197e+01
-2.193550e+01
-2.056928e+01
-1.897847e+01
-1.842239e+01
-1.737351e+01
-1.653792e+01
-1.591673e+01
-1.527923e+01
-1.490061e+01
-1.425546e+01
-1.340889e+01
-1.273073e+01
-1.186731e+01
-1.120809e+01
-1.074131e+01
-1.021814e+01
-9.312252e+00
-8.910014e+00
-8.865934e+00
-7.978578e+00
-7.463702e+00
-6.899023e+00
-6.190995e+00
-5.428683e+00
-4.959785e+00
-4.465862e+00
-3.830123e+00
-3.197347e+00
-2.675784e+00
-1.934323e+00
-8.344744e-01
-7.413403e-01
1.249643e-01
1.071277e+00
1.540820e+00
2.576276e+00
4.229418e+00
5.585279e+00
5.543509e+00
6.257015e+00
7.115757e+00
8.020073e+00
8.851559e+00
1.067548e+01
1.410133e+01
1.914161e+01
2.584196e+01
2.715171e+01
2.277680e+01
1.536875e+01
1.383679e+01
1.183050e+01
1.035124e+01
9.280978e+00
6.790899e+00
6.075561e+00
5.706496e+00
5.085722e+00
3.420062e+00
2.908997e+00
2.367599e+00
1.397411e+00
4.524173e-01
-3.167827e-01
-1.490717e+00
-2.351266e+00
-3.156562e+00
-7.309176e+00
-1.102005e+01
-1.157616e+01
-7.539352e+00
3.235402e+00
1.167764e+01
1.593675e+01
1.524290e+01
1.136495e+01
6.271879e+00
2.276524e+00
8.065101e-01
1.195123e+00
1.239093e+00
7.299926e-01
-4.033749e-01
-4.452908e-01
-1.171293e+00
-2.119268e+00
-2.891623e+00
-1.692706e+00
-1.831059e+00
-2.057999e+00
-1.491073e+00
-1.588537e+00
-2.322761e+00
-3.396798e+00
-4.503364e+00
-2.635966e+00
-3.403670e+00
-4.126265e+00
-2.675328e+00
-4.435093e+00
-4.872196e+00
-4.685896e+00
-4.488988e+00
-5.064806e+00
-4.778151e+00
-4.494743e+00
-5.006209e+00
-4.348711e+00
-4.591301e+00
-5.084938e+00
-5.196363e+00
-5.443724e+00
-5.654784e+00
-5.763242e+00
-5.871699e+00
-5.960915e+00
-6.039678e+00
-6.118441e+00
-6.197205e+00
-6.275969e+00
-6.354732e+00
-6.433194e+00
-6.509333e+00
-6.585471e+00
-6.661610e+00
-6.737749e+00
-6.789257e+00
-6.832966e+00
-6.876674e+00
-6.920382e+00
-6.964091e+00
-7.015004e+00
-7.108082e+00
-7.201159e+00
-7.294237e+00
-7.390346e+00
-7.500941e+00
-7.611537e+00
-7.722132e+00
-7.832726e+00
-7.940270e+00
-8.039946e+00
-8.139621e+00
-8.239297e+00
-8.338972e+00
-8.438047e+00
-8.535859e+00
-8.633671e+00
-8.731483e+00
-8.829296e+00
-8.945565e+00
-9.097668e+00
-9.249771e+00
-9.401874e+00
-9.547791e+00
-9.571518e+00
-9.628618e+00
-9.699178e+00
-9.774547e+00
-9.853416e+00
-9.932287e+00
-1.001116e+01
-1.009003e+01
-1.015704e+01
-1.018735e+01
-1.021765e+01
-1.024796e+01
-1.027827e+01
-1.030858e+01
-1.033889e+01
-1.036686e+01
-1.038644e+01
-1.040602e+01
-1.042560e+01
-1.044517e+01
-1.047368e+01
-1.053981e+01
-1.060593e+01
-1.067206e+01
-1.073818e+01
-1.080430e+01
-1.087043e+01
-1.095723e+01
-1.101133e+01
-1.103900e+01
-1.106667e+01
-1.107262e+01
-1.106703e+01
-1.106144e+01
-1.105585e+01
-1.105026e+01
-1.104467e+01
-1.103908e+01
-1.169650e+01
-1.173935e+01
-1.095243e+01
-1.172095e+01
-1.185114e+01
-1.184810e+01
-1.192184e+01
-1.199558e+01
-1.206545e+01
-1.206999e+01
-1.207453e+01
-1.207907e+01
-1.208360e+01
-1.208814e+01
-1.209268e+01
-1.209722e+01
-1.232896e+01
-1.250947e+01
-1.246140e+01
-1.254170e+01
-1.243317e+01
-1.224636e+01
-1.268245e+01
-1.285797e+01
-1.279790e+01
-1.272756e+01
-1.281369e+01
-1.290733e+01
-1.297867e+01
-1.305002e+01
-1.312136e+01
-1.318750e+01
-1.323158e+01
-1.327567e+01
-1.331975e+01
-1.336384e+01
-1.340792e+01
-1.345201e+01
-1.349609e+01
-1.354018e+01
-1.358426e+01
-1.362835e+01
-1.358970e+01
-1.354955e+01
-1.350940e+01
-1.346925e+01
-1.342911e+01
-1.338896e+01
-1.334881e+01
-1.330866e+01
-1.326851e+01
-1.322837e+01
-1.320155e+01
-1.391526e+01
-1.400281e+01
-1.393124e+01
-1.412306e+01
-1.431654e+01
-1.445388e+01
-1.432282e+01
-1.419176e+01
-1.406070e+01
-1.405393e+01
-1.417063e+01
-1.428732e+01
-1.440402e+01
-1.452072e+01
-1.460862e+01
-1.469613e+01
-1.478363e+01
-1.487113e+01
-1.495774e+01
-1.497058e+01
-1.498343e+01
-1.499627e+01
-1.500912e+01
-1.502197e+01
-1.503481e+01
-1.522049e+01
-1.515363e+01
-1.497682e+01
-1.553203e+01
-1.506835e+01
-1.500837e+01
-1.542583e+01
-1.535473e+01
-1.538439e+01
-1.543555e+01
-1.548672e+01
-1.551701e+01
-1.552242e+01
-1.552784e+01
-1.553326e+01
-1.553868e+01
-1.554410e+01
-1.554952e+01
-1.555494e+01
-1.556220e+01
-1.561759e+01
-1.567299e+01
-1.572838e+01
-1.578378e+01
-1.583917e+01
-1.589457e+01
-1.594996e+01
-1.600535e+01
-1.606075e+01
-1.611614e+01
-1.617154e+01
-1.622693e+01
-1.601612e+01
-1.555946e+01
-1.613873e+01
-1.626114e+01
-1.633088e+01
-1.653341e+01
-1.673593e+01
-1.694197e+01
-1.722525e+01
-1.681543e+01
-1.649119e+01
-1.677072e+01
-1.647757e+01
-1.618768e+01
-1.661630e+01
-1.680116e+01
-1.676237e+01
-1.651637e+01
-1.682546e+01
-1.721188e+01
-1.743674e+01
-1.724744e+01
